acce_x,acce_y,acce_z,gyro_x,gyro_y,gyro_z
-0.153229,-1.25696,-1.23062,2.20071,1.34177,0.13003
1.15401,-0.617704,7.80031,0.481897,-0.188122,0.586617
-0.246603,-0.421379,8.38928,-0.0832695,-0.507877,0.0728775
0.476446,-0.730231,8.31266,-0.0786064,0.042634,0.152416
0.790086,-0.318429,7.04613,0.224495,-0.402891,0.968857
0.213084,-1.35272,8.44195,-0.106318,-0.130433,0.444193
0.263362,-0.90022,8.97586,-0.0375712,0.0676815,0.61273
0.134075,-0.505176,7.69496,-0.656963,-0.275389,0.459781
1.21625,-1.61609,10.1538,0.065683,-0.207707,-0.010392
1.14443,-0.878672,8.06128,-0.112181,-0.154548,-0.116444
0.823605,-1.11809,8.78911,-0.00399694,-0.258335,-0.142291
0.845153,-0.852335,8.04212,-0.0647504,-0.0855344,-0.061686
1.12288,-1.09654,8.5066,-0.0531592,0.211571,-0.258868
0.871489,-0.73502,8.66222,-0.0820704,0.0431669,-0.0594211
0.610521,-1.33357,8.8753,-0.122839,-0.220364,-0.384638
0.926556,-1.1564,8.38928,-0.303767,-0.201312,-1.11848
1.05345,-0.852335,8.65982,-0.341738,-0.292842,-0.825101
1.14682,-1.60411,8.32463,-0.498684,-0.552643,-1.31473
1.49398,-1.33118,8.43956,-0.398495,-0.696666,-0.757819
1.1564,-1.33836,8.44674,-0.310029,-0.584085,-0.819772
2.41335,-0.991199,7.98466,-0.353462,-0.0832695,-0.855211
1.81241,-1.34075,8.58321,-0.566233,-0.260067,-0.722913
1.51313,-1.69749,9.06923,-0.508144,-0.553176,-0.696932
2.09014,-1.75016,8.48026,-0.29977,-0.110582,-0.340406
1.88424,-1.99676,8.39646,-0.400093,0.144423,-0.129234
1.84832,-2.22661,8.7532,-0.255005,0.109116,-0.120308
1.93691,-2.10929,8.81305,-0.0832695,0.111115,-0.0423675
2.15718,-2.01352,8.13071,-0.0917963,0.155747,-0.0345069
1.97522,-2.00155,8.49463,-0.0626187,0.112714,-0.040235
2.20266,-2.09732,8.11634,-0.0390367,0.0901975,-0.0932619
1.80283,-1.79326,8.34858,-0.0203844,0.164274,-0.0315758
1.82678,-1.7358,8.32943,0.013856,0.144023,-0.0198514
1.76213,-1.66158,8.10437,-0.0714119,0.0872664,-0.0231822
1.56341,-1.7765,8.40125,-0.0899311,-0.0235819,-0.00452986
1.83156,-1.87705,7.75961,-0.203044,-0.134031,-0.120574
1.901,-2.05422,8.73404,-0.138427,-0.197049,-0.247277
1.66636,-2.01352,8.63588,-0.00932619,-0.339873,-0.340939
1.64242,-1.55384,8.28872,-0.0933951,-0.32242,-0.217034
2.23139,-1.76453,8.36534,-0.140959,-0.0595543,-0.0855344
2.26013,-1.81002,8.21211,-0.154282,0.118309,0.0463645
1.99676,-1.93451,8.40125,-0.144289,0.15175,0.0722113
2.19309,-1.82678,8.339,-0.112714,0.128701,0.0262465
2.31519,-2.02071,8.33421,-0.200913,0.193185,0.0452986
2.1883,-2.09493,8.34858,-0.23009,0.252207,0.0623522
2.19309,-2.25534,8.54012,-0.249142,0.340406,0.0514272
1.74058,-2.47082,8.52814,-0.101922,0.251008,0.0301103
1.70228,-2.27689,8.5066,-0.081804,0.15255,0.0133231
1.74537,-2.30801,8.41562,-0.0571562,0.168138,0.0207841
1.85072,-2.40857,8.53772,-0.0532925,0.187723,-0.028245
1.64242,-2.23379,8.40843,-0.0710122,0.182926,-0.0920628
1.4437,-2.03507,8.2145,-0.112047,0.120841,-0.107651
1.41976,-2.18112,8.31746,-0.0578223,0.0877993,-0.0963262
1.22583,-2.07338,8.4635,-0.031709,0.0831363,-0.0560903
1.05105,-2.07098,8.46589,0.0102588,0.0643507,-0.0253139
1.24977,-2.09493,8.12592,-0.0635513,-0.00386371,-0.0375712
1.36948,-1.89381,8.26957,-0.0937948,-0.0269127,-0.0390367
1.36948,-2.25294,8.52096,0.0466309,0.0466309,-0.00359724
2.01113,-2.28886,8.47308,0.0085268,0.120175,-0.0927289
1.69749,-2.23139,8.43477,-0.0421011,0.198115,-0.0666156
1.24259,-2.48039,8.81545,0.060487,0.16987,-0.0177197
1.51553,-1.97043,8.57603,0.160011,0.175199,0.0175865
1.35033,-1.7334,8.27197,0.205176,0.0891317,0.0827366
1.02951,-1.62806,8.28872,0.174266,0.0752756,0.13003
1.40779,-1.38145,8.23126,0.182393,0.214103,0.190387
1.06781,-1.43891,8.06846,0.0888652,0.200113,0.250608
1.10851,-1.58496,8.04691,0.142557,0.299104,0.323485
1.35991,-1.68791,8.02297,-0.0123905,0.33441,0.275123
1.27132,-1.08457,8.01579,-0.348266,0.386237,0.134697
0.533907,-2.65038,9.60314,-0.144023,0.189721,0.162542
0.667982,-1.97043,8.67658,0.0542251,0.217167,0.159078
0.507571,-1.79805,8.69574,0.0258469,0.207574,0.138028
0.634463,-1.49159,8.1762,-0.0768744,0.170669,0.00199847
0.270545,-1.66876,8.74602,-0.132432,0.0953935,-0.016121
0.447716,-2.50912,9.36132,0.0881991,0.0415681,0.0131899
0.407014,-1.68552,8.20493,0.123106,0.0291776,-0.0107917
0.462081,-1.21147,8.30309,0.0085268,0.0812711,-0.0173201
0.397437,-1.76692,8.64546,-0.0488959,0.120574,0.00306432
0.112527,-1.89381,8.68137,0.0239816,0.00106585,-0.0281118
0.0071826,-1.70946,8.65743,0.0716784,-0.028245,-0.00253139
0.179565,-1.50356,8.49223,-0.014389,0.0085268,-0.0021317
0.174777,-1.79086,8.65743,-0.0411684,-0.0257136,-0.0106585
0.00957681,-1.7741,8.65743,0.0137228,-0.0515605,0.0203844
0.234632,-1.53947,8.52096,-0.00293109,-0.0671485,0.0197182
0.541089,-1.66158,8.51138,0.0205176,-0.103787,0.000799387
0.64404,-1.49638,8.46111,0.00999234,-0.0448989,-0.000266462
0.61531,-1.33836,8.45871,-0.0255804,0.0139893,-0.00999234
0.459687,-1.48201,8.77953,-0.0166539,-0.0206508,-0.0081271
0.756567,-1.26414,8.24323,-0.0431669,0.0370383,-0.019585
0.588974,-1.33836,8.45153,-0.0854012,0.123772,0.0306432
0.356736,-1.26414,8.11155,-0.185191,0.2606,0.141492
-0.174777,-1.02232,8.17141,-0.353329,0.342004,0.332279
-1.30484,-1.34554,8.64067,-0.642174,0.349865,0.776205
-1.7334,-1.11091,7.77637,-0.962995,0.190787,1.09916
-1.30484,-0.220267,5.11162,-2.03617,0.0250475,1.33111
-2.23858,-1.4054,4.7884,-3.37741,0.120441,2.0884
-4.46997,-4.81234,7.3478,-3.49346,-0.270859,2.76002
-3.53145,-6.69419,9.07881,-2.39363,-1.22733,2.88872
-0.464475,-6.1938,5.74369,-1.85418,-1.14912,2.84022
-2.28886,-7.47709,4.75967,-2.10972,-1.85591,2.8686
-3.02148,-7.04853,4.52743,-2.09679,-2.2239,3.01129
-0.756567,-6.96952,3.04303,-1.9192,-1.54708,3.20554
2.49715,-8.01579,2.56658,-2.4304,-0.66549,2.23962
1.95367,-8.8753,6.86178,-3.33837,-0.0969923,1.37535
0.169988,-9.27035,7.03416,-2.57842,-0.0534257,1.16737
-2.28646,-8.82024,5.11401,-1.86071,-0.276055,1.45995
-2.08535,-9.30147,4.93924,-1.69483,-0.9129,1.22719
-0.672771,-9.77073,4.68066,-1.68418,-0.549579,0.758085
-1.50835,-8.27915,0.442927,-1.99607,0.613263,0.887853
-3.98874,-8.20732,1.71425,-2.71352,-0.484828,0.948073
-1.36709,-11.1618,6.37576,-1.92852,-0.294841,0.627919
-0.636858,-10.398,2.97599,-0.931819,1.05186,0.354928
-2.34871,-7.77158,-2.51391,-2.01512,1.62715,0.371182
-4.03423,-9.09796,1.47722,-2.58615,0.376911,0.276588
-2.54982,-11.054,3.71101,-1.34577,0.566499,0.197715
-2.57377,-9.93593,1.14682,-0.69973,0.900776,0.171602
-3.10528,-8.71489,-2.48997,-0.467242,1.2585,0.220897
-3.78763,-9.30865,-0.90022,-1.03148,0.448323,0.110049
-3.86903,-10.0796,0.840364,-0.645638,0.150285,0.0952603
-4.35744,-9.71806,-0.794875,-0.297772,-0.169737,0.124305
-3.26808,-9.47146,-1.61609,-0.536122,0.0436998,0.0315758
-3.49793,-9.35414,-1.27611,-0.701729,-0.00652833,-0.0969923
-3.91931,-10.252,0.744596,-0.275256,0.0162542,-0.086467
-3.27287,-10.9774,1.1133,0.635912,0.180262,-0.0758086
-3.85706,-7.91283,-4.89614,0.487626,0.231023,0.0166539
-4.34069,-9.44991,-0.215478,-0.202378,-0.151617,0.0503614
-3.5506,-9.85693,-0.138864,0.353596,-0.0756753,0.0776738
-2.93529,-9.17218,-0.847547,0.686274,0.0748759,0.0670153
-4.71179,-7.57765,-4.21379,-0.697865,-0.0848683,0.187989
-3.85466,-9.88565,1.14203,-0.488159,-0.0816707,0.193851
-3.62243,-9.39724,-0.730231,0.169603,-0.0450321,0.239949
-4.61602,-8.53054,-2.21942,-0.15628,0.0125237,0.345602
-4.42927,-9.06684,-1.2809,-0.310162,-0.169204,0.28644
-3.52426,-9.58398,-0.363919,-0.150418,-0.220098,0.0913966
-3.74214,-9.93354,0.201113,0.216101,-0.313759,-0.0720781
-2.90895,-8.15225,-2.87543,0.389701,0.0799387,-0.204243
-4.19464,-9.31583,-0.380678,0.15255,-0.0612864,-0.186124
-4.43167,-10.4866,0.174777,0.638311,0.00186524,-0.0427672
-4.52025,-9.14585,-1.34794,0.99084,0.200779,0.166672
-4.20182,-8.55209,-1.65918,0.653099,0.0383706,0.161876
-4.07972,-8.88727,0.256179,0.525331,-0.0574226,0.177331
-4.09169,-8.93516,0.301669,0.558505,-0.044366,0.195983
-3.33033,-9.48582,0.825999,0.749959,0.0666156,-0.0871332
-2.82276,-10.5991,1.52989,0.814043,-0.0566233,-0.63951
-4.35266,-11.3605,3.56497,1.44383,-0.0183859,-0.628718
-2.67193,-11.7507,2.69587,2.28718,0.381174,-0.771009
-2.38223,-9.98861,0.708683,2.60187,0.384239,-0.943144
-4.09648,-8.27915,-0.526724,1.77304,0.170003,-0.875329
-1.50356,-10.1347,5.58806,2.00566,1.2172,-0.987243
5.32231,-12.9766,7.62792,4.09486,2.91044,-2.36992
4.31435,-11.6334,0.395043,3.94924,2.93562,-4.31536
-1.52271,-10.8194,0.612916,3.42737,2.10452,-4.36572
-8.10197,-11.1809,3.87861,4.15828,0.872798,-3.23672
-5.65989,-8.52096,-0.095768,3.78217,1.31259,-1.62955
-5.48272,-3.5913,-1.49398,2.10652,1.28142,-0.703461
-2.52109,-4.22816,5.22654,1.30154,0.915698,-0.477101
-4.49152,-5.92325,9.18655,2.41628,0.57809,0.130034
-2.25773,-5.15471,4.97036,2.07161,1.15511,0.436465
-1.22583,-3.05979,4.92008,0.976585,1.09649,0.311894
-1.79805,-4.60405,9.66778,1.48739,1.04173,0.361323
-2.9329,-3.87382,5.8634,2.1289,1.19122,0.554641
-2.77248,-1.28569,2.91853,0.579289,1.42517,0.607002
-4.49392,-1.60651,4.91051,-0.292842,1.72348,0.846285
-5.21218,-2.71024,7.70693,-0.387436,1.1358,0.745162
-8.07325,-2.56419,6.92642,-0.427006,0.27419,1.37814
-13.623,-0.14844,3.06218,-0.940213,-0.519335,3.15705
-11.1091,-1.53229,-1.38145,-2.72764,-0.950205,4.27126
-7.54892,-6.18183,4.06056,-3.46814,0.189854,4.3655
-4.46519,-7.31668,7.21373,-1.32379,-1.0873,3.38647
-1.47004,-5.08289,5.44681,-1.62475,-1.01775,2.5214
-5.41329,-4.20901,5.26485,-2.82357,-1.32645,2.66462
-0.902614,-5.32949,3.78523,-4.33401,-0.0145222,2.17207
0.746991,-5.6551,5.13795,-4.36572,1.01615,0.950072
-3.20344,-6.96712,8.16662,-4.01279,0.606868,0.590214
-7.29034,-6.55532,7.00304,-3.33478,-0.201712,0.927423
-4.41012,-7.185,5.57849,-2.96693,-0.375579,0.608733
-4.63038,-6.94797,4.35026,-2.3009,-0.0379709,0.477234
-3.93128,-7.58722,5.94959,-1.79969,0.158945,0.104853
-5.98071,-7.89129,5.73172,-1.22999,-0.170936,-0.0715452
-4.61602,-8.16901,5.75327,-1.13167,-0.0554242,-0.219965
-4.62799,-7.65665,3.055,-0.529461,0.037438,-0.562102
-3.45244,-8.37731,3.73495,-0.133098,0.276455,-1.09196
-2.95444,-10.1993,6.17464,0.593545,0.861473,-1.55041
0.536301,-11.6861,5.66947,1.93185,2.5639,-2.30796
1.37906,-11.2719,2.27928,2.63838,3.19382,-3.44589
0.299275,-11.1474,0.438139,2.6549,4.0409,-4.09912
-4.86262,-12.0237,3.65355,4.08167,3.68664,-3.20474
-7.9679,-9.87847,0.737414,3.20061,3.2671,-2.17407
-7.05332,-7.92241,-0.253785,2.46145,2.22469,-1.26969
-8.24563,-6.16986,2.71981,2.53939,1.72641,-0.183726
-7.72848,-4.71179,0.258574,2.00686,0.693335,0.0539586
-10.2903,-4.41969,3.99113,1.12847,-0.411418,0.575292
-8.78672,-5.35583,3.02148,1.25557,-1.03321,1.23772
-10.7859,-4.63757,2.78924,0.728775,-1.81674,2.13809
-12.6246,-4.39575,2.39899,-0.0129234,-2.37058,3.62456
-9.62708,-5.35822,0.445321,-0.132299,-2.28838,4.35147
