acce_x,acce_y,acce_z,gyro_x,gyro_y,gyro_z
0.183838,-0.453369,0.782715,-0.503817,-4.755725,-2.106870
0.170410,-0.446045,0.786865,-0.206107,-5.862596,-1.709924
0.173340,-0.444580,0.783203,0.595420,-6.778626,-0.908397
0.174316,-0.443115,0.784912,0.549618,-6.587786,0.183206
0.179932,-0.444580,0.777832,-0.038168,-4.717557,0.358779
0.182861,-0.436035,0.758301,-0.786260,-3.396947,1.519084
0.165283,-0.436035,0.753174,-1.839695,-2.061069,4.076336
0.185303,-0.435303,0.750732,-3.694656,0.022901,5.877862
0.196289,-0.448975,0.751709,-5.770992,2.610687,5.305344
0.206055,-0.439453,0.747559,-7.786260,4.664122,4.312977
0.195312,-0.445801,0.745361,-8.145039,4.511450,2.595420
0.189209,-0.452148,0.757812,-7.702290,2.885496,0.465649
0.199951,-0.468506,0.765869,-6.259542,2.488550,-2.274809
0.187012,-0.466797,0.794434,-4.328244,0.015267,-4.595420
0.174561,-0.464600,0.783447,-2.458015,-2.862595,-5.702290
0.159180,-0.459961,0.783936,-1.083969,-5.511450,-5.572519
0.152100,-0.458740,0.788086,-0.381679,-6.870229,-4.137404
0.152100,-0.450684,0.776855,0.480916,-6.175572,-2.038168
0.161377,-0.449707,0.753906,0.450382,-4.030534,-0.488550
0.170410,-0.441162,0.755859,-0.656489,-1.068702,1.068702
0.186768,-0.430420,0.740234,-2.122137,1.137405,3.015267
0.193848,-0.435791,0.737549,-3.564885,2.458015,3.076336
0.209473,-0.434082,0.728271,-6.122138,4.167939,1.938931
0.194824,-0.433838,0.734375,-8.038168,4.862596,0.854962
0.189941,-0.435547,0.752930,-9.427481,5.236641,0.526718
0.192627,-0.442627,0.750732,-10.267176,4.694656,-0.267176
0.176270,-0.446045,0.752441,-10.366412,3.427481,-0.893130
0.177246,-0.455078,0.761230,-9.145039,2.053435,-1.435115
0.171875,-0.461182,0.761230,-7.954198,0.534351,-2.832061
0.161133,-0.455566,0.758789,-6.412214,-1.053435,-3.312977
0.159424,-0.458496,0.757812,-4.534351,-2.167939,-2.435115
0.175537,-0.460693,0.754639,-3.717557,-2.641221,-2.442748
0.194580,-0.455566,0.751953,-3.862595,-1.458015,-3.137405
0.199219,-0.459229,0.750977,-4.824428,-1.015267,-3.725191
0.197754,-0.460693,0.739502,-5.946565,-0.427481,-4.786260
0.212646,-0.461426,0.750244,-7.022901,1.244275,-6.343512
0.217285,-0.459961,0.745117,-7.938931,2.977099,-8.442748
0.210205,-0.458252,0.758789,-8.946565,4.274809,-10.000000
0.207520,-0.468994,0.759277,-9.488549,7.480916,-11.862596
0.200195,-0.466309,0.776123,-8.480916,9.633588,-12.114504
0.196045,-0.471436,0.770264,-7.045802,10.290076,-12.381680
0.198975,-0.485352,0.759521,-7.106870,11.229008,-14.671756
0.214355,-0.482910,0.763428,-7.320611,12.480916,-17.160305
0.213379,-0.480713,0.763672,-6.541985,13.549619,-19.877863
0.218750,-0.481934,0.769043,-6.015267,15.763359,-22.824427
0.223389,-0.479980,0.777344,-6.618320,18.725191,-26.061069
0.225830,-0.486328,0.772705,-7.038168,21.694656,-29.305344
0.203857,-0.477783,0.762695,-7.137404,23.312977,-31.030535
0.173828,-0.459961,0.754639,-7.519084,23.961832,-30.335878
0.133301,-0.463379,0.756348,-9.809160,20.091602,-29.038168
0.124023,-0.444580,0.741699,-9.625955,21.541985,-24.396946
0.125977,-0.461670,0.742432,-9.312977,19.137405,-21.786259
0.149414,-0.470947,0.759521,-9.053435,19.328245,-21.442749
0.191406,-0.460693,0.747803,-8.595420,22.549618,-22.236641
0.180908,-0.462402,0.748779,-7.572519,23.977098,-23.129770
0.168213,-0.462646,0.750732,-6.854962,23.213741,-22.938931
0.158691,-0.473389,0.740967,-5.641222,21.977098,-23.320610
0.165283,-0.465820,0.741699,-4.236641,20.702290,-23.549618
0.173584,-0.473877,0.743164,-3.465649,20.290077,-25.106871
0.179688,-0.466064,0.747559,-2.526718,19.946566,-27.282442
0.189941,-0.475830,0.766113,-2.175573,21.496183,-28.595419
0.199219,-0.468506,0.749268,-1.244275,22.694656,-29.343512
0.202148,-0.473145,0.755859,-0.480916,23.244274,-31.122137
0.187988,-0.456787,0.750000,-0.526718,21.442749,-32.328243
0.185059,-0.453613,0.765137,-0.526718,20.374046,-31.809160
0.172852,-0.457275,0.777344,0.076336,20.259542,-30.854961
0.177490,-0.454102,0.791260,-0.152672,20.137405,-30.717558
0.181152,-0.450928,0.770752,-1.061069,21.916031,-31.175573
0.189941,-0.459229,0.754395,-1.969466,25.610687,-29.312977
0.174561,-0.441406,0.744385,-3.725191,24.923664,-29.236641
0.164062,-0.456543,0.744141,-3.534351,24.152672,-29.541985
0.169678,-0.455078,0.762451,-3.839695,23.312977,-29.190840
0.152344,-0.455078,0.755371,-4.030534,20.770992,-29.641222
0.148193,-0.455322,0.743164,-3.725191,16.931297,-29.816793
0.141846,-0.449463,0.739746,-3.320611,12.251908,-29.687023
0.149170,-0.454102,0.739746,-3.618321,9.687023,-29.206106
0.156494,-0.455322,0.747803,-4.076336,8.839695,-28.763359
0.160156,-0.449463,0.743408,-4.229008,9.160305,-27.610687
0.162598,-0.447021,0.740479,-3.175573,10.381680,-25.526718
0.192383,-0.461426,0.727539,-3.732824,13.687023,-25.603054
0.198486,-0.452148,0.738281,-6.290076,18.465649,-25.717558
0.188721,-0.452393,0.730225,-9.129771,21.832062,-25.488550
0.176758,-0.438477,0.729248,-11.297709,24.312977,-23.099237
0.187012,-0.449463,0.731201,-11.938931,26.152672,-22.603054
0.187500,-0.446777,0.740479,-13.358779,26.641222,-22.450382
0.194092,-0.457031,0.733154,-14.206107,25.427481,-24.610687
0.199219,-0.462891,0.744385,-14.091603,22.709923,-27.748091
0.206055,-0.489014,0.765625,-10.946565,17.954199,-33.358780
0.208008,-0.504150,0.790527,-6.106870,13.000000,-40.664124
0.200439,-0.499512,0.781494,-1.229008,8.534351,-46.549618
0.198730,-0.493164,0.786865,1.458015,6.503817,-50.526718
0.191895,-0.486572,0.773193,3.587786,7.206107,-52.106869
0.192383,-0.395996,0.708252,3.129771,5.984733,-52.106869
0.203613,-0.403564,0.749512,0.198473,13.603053,-48.274811
0.191650,-0.459961,0.740479,2.702290,17.145039,-48.916031
0.187500,-0.441162,0.755859,0.900763,22.045801,-45.167938
0.169189,-0.467529,0.745117,-0.931298,24.854961,-44.435116
0.142578,-0.468018,0.722168,-3.099237,26.389313,-44.755726
0.154785,-0.460449,0.722168,-5.435114,27.145039,-42.847328
0.151611,-0.466553,0.729736,-6.992366,25.236641,-44.854961
0.152100,-0.487549,0.751709,-8.114504,23.801527,-46.694656
0.146729,-0.491943,0.760254,-8.931297,23.656488,-48.190838
0.147217,-0.501221,0.769775,-5.717557,24.007633,-50.488548
0.135254,-0.499512,0.776123,-2.725191,23.053434,-50.358780
0.115479,-0.496582,0.764648,-0.656489,21.259542,-49.038166
0.084473,-0.480225,0.775879,0.763359,19.610687,-45.717556
0.083008,-0.478516,0.763672,1.435115,18.923664,-41.259541
0.099121,-0.473877,0.755371,0.618321,19.595419,-39.267174
0.118408,-0.466064,0.749756,-2.106870,20.603054,-38.755726
0.118896,-0.454102,0.718018,-4.740458,21.587786,-36.793892
0.123535,-0.450928,0.733154,-6.694656,21.244274,-34.351147
0.141602,-0.476318,0.724365,-8.908397,23.145039,-36.236641
0.148438,-0.458740,0.759277,-11.068703,20.503817,-38.045803
0.114746,-0.466553,0.751465,-10.801527,15.190840,-40.343510
0.105957,-0.466797,0.765137,-10.702291,11.564885,-40.603054
0.087158,-0.462891,0.758545,-9.847328,8.923664,-38.702290
0.092529,-0.479004,0.780273,-8.893129,9.709924,-36.641220
0.096436,-0.480713,0.789551,-6.938931,12.541985,-33.854961
0.102295,-0.471436,0.781982,-4.328244,14.824428,-30.198473
0.108398,-0.467529,0.777100,-3.038168,17.106871,-25.206106
0.107422,-0.471680,0.752197,-1.893130,18.160305,-23.114504
0.119873,-0.466797,0.750488,-2.221374,20.106871,-20.664122
0.132812,-0.467773,0.746582,-3.320611,22.175573,-19.694656
0.149902,-0.460693,0.745850,-4.832061,23.305344,-19.511450
0.143311,-0.467041,0.742920,-5.503817,21.442749,-21.152672
0.160889,-0.460449,0.746338,-5.511450,19.740458,-22.076336
0.173096,-0.448975,0.761719,-7.106870,17.068703,-20.625954
0.194580,-0.457520,0.772461,-6.832061,14.396947,-22.229008
0.214355,-0.483398,0.785156,-4.572519,13.183207,-27.137405
0.212891,-0.482422,0.791748,-2.480916,12.488549,-29.832062
0.209473,-0.472412,0.785156,-1.167939,12.618320,-31.977098
0.190430,-0.472656,0.779785,-0.427481,12.778625,-33.641220
0.185791,-0.463379,0.770508,0.488550,14.213740,-33.480915
0.190430,-0.458740,0.754395,0.106870,16.977098,-32.480915
0.200439,-0.450684,0.746582,-0.908397,20.366413,-31.809160
0.209229,-0.437256,0.729004,-3.099237,22.893129,-31.992367
0.214844,-0.437744,0.714600,-5.083970,27.106871,-32.541985
0.209473,-0.427734,0.701172,-7.244275,28.190840,-34.053436
0.217041,-0.440186,0.683105,-8.435115,27.786259,-39.496181
0.207764,-0.435303,0.703125,-7.251908,26.145039,-43.068703
0.187988,-0.438965,0.698486,-6.297710,22.625954,-46.419846
0.166016,-0.434814,0.704346,-6.786260,17.679390,-49.938931
0.168457,-0.442139,0.712646,-5.358778,14.427481,-52.091602
0.166016,-0.442383,0.736084,-4.198473,12.442748,-53.641220
0.135254,-0.444580,0.741455,-3.503817,12.175572,-52.244274
0.095703,-0.442627,0.735352,-6.045802,12.000000,-49.534351
0.088623,-0.441650,0.722168,-9.610687,11.832061,-46.465649
0.100098,-0.446289,0.717529,-10.671756,12.450381,-44.625954
0.125488,-0.463623,0.731934,-10.946565,13.603053,-44.312977
0.140137,-0.469971,0.731689,-11.007633,15.427481,-45.022900
0.152344,-0.468994,0.744629,-8.885496,16.328245,-43.946564
0.189941,-0.456787,0.759766,-10.374045,15.732824,-48.389313
0.186035,-0.466064,0.786377,-11.343512,13.969465,-50.106869
0.167969,-0.474854,0.782227,-11.068703,13.213740,-52.374046
0.171631,-0.482666,0.786377,-9.854961,12.809160,-55.541985
0.158447,-0.500977,0.787354,-4.458015,12.396947,-56.992367
0.115479,-0.507324,0.786621,-0.488550,9.702291,-58.206108
0.083496,-0.512451,0.776855,3.725191,6.007634,-60.351147
0.046387,-0.514893,0.764893,6.931298,2.076336,-60.557251
0.081299,-0.478760,0.748291,4.725191,1.786260,-53.534351
0.094238,-0.479980,0.746826,3.335878,3.045802,-49.396946
0.102783,-0.486084,0.718750,1.045802,3.137405,-46.923664
0.099609,-0.478027,0.716553,-0.961832,3.923664,-44.000000
0.111084,-0.480957,0.747314,-1.412214,4.572519,-41.381680
0.117920,-0.480957,0.743164,-1.366412,2.328244,-40.511452
0.130371,-0.476562,0.754639,-2.282443,2.213740,-40.526718
0.105957,-0.471680,0.753418,-2.129771,-0.900763,-39.465649
0.127686,-0.473877,0.738037,-2.778626,-3.412214,-39.122139
0.114502,-0.522705,0.803467,-1.328244,-8.748092,-40.381680
0.119873,-0.487549,0.739746,-1.366412,-13.748092,-42.671757
0.150146,-0.467041,0.735107,-4.206107,-14.267176,-43.709923
0.189209,-0.464600,0.736084,-5.778626,-9.732824,-43.343510
0.197998,-0.454102,0.757568,-7.458015,-2.801527,-40.557251
0.193604,-0.444336,0.758545,-10.564885,2.465649,-36.786259
0.212646,-0.442139,0.750732,-15.564885,7.694656,-35.358780
0.235840,-0.440186,0.738281,-17.961832,10.251908,-35.496181
0.242676,-0.446533,0.761719,-18.984734,12.328244,-35.839695
0.250000,-0.451416,0.768311,-20.893129,13.458015,-35.984734
0.244141,-0.455322,0.762207,-22.305344,14.374045,-36.931297
0.240967,-0.472900,0.760010,-22.839695,15.671756,-37.297710
0.264404,-0.481934,0.764404,-22.740458,19.091602,-38.458015
0.257080,-0.479736,0.770508,-22.854961,20.312977,-38.015266
0.251953,-0.473145,0.774658,-23.145039,21.786259,-37.969467
0.208740,-0.476562,0.770508,-22.251909,23.832062,-37.977100
0.260742,-0.497314,0.761963,-16.877863,25.061069,-38.816795
0.236084,-0.512207,0.758301,-13.557252,24.221375,-43.183205
0.212891,-0.482910,0.755371,-14.717557,20.679390,-42.389313
0.186279,-0.467285,0.730713,-17.984734,18.091602,-39.511452
0.210938,-0.467285,0.723145,-20.343512,22.343512,-37.458015
0.218018,-0.484863,0.736816,-19.961832,27.610687,-37.251907
0.220703,-0.485107,0.701904,-17.992367,31.122137,-35.030533
0.196289,-0.502197,0.738281,-14.465649,34.702290,-45.595421
0.175781,-0.493164,0.755371,-14.404580,32.320610,-41.541985
0.174316,-0.469238,0.748291,-17.984734,32.236641,-36.435116
0.168701,-0.486084,0.758057,-21.183207,24.137405,-33.488548
0.201904,-0.501709,0.831299,-18.847328,27.328245,-32.633587
0.189209,-0.508545,0.815674,-13.534351,28.290077,-29.160305
0.186035,-0.499756,0.787109,-10.938931,31.190840,-27.679390
0.189453,-0.528809,0.809814,-9.633588,28.877863,-28.145039
0.180176,-0.544189,0.797363,-8.687023,25.068703,-29.251909
0.155029,-0.551025,0.770020,-7.763359,19.931297,-30.175573
0.153564,-0.545166,0.742432,-7.190840,17.480917,-30.709923
0.170410,-0.551514,0.718262,-8.320611,17.847328,-32.488548
0.169678,-0.521240,0.685059,-10.847328,6.458015,-34.412212
0.217041,-0.500244,0.639404,-13.083969,19.977098,-28.282442
0.151367,-0.490234,0.673096,-14.618320,20.984734,-24.900763
0.144043,-0.498291,0.667236,-17.236641,23.282442,-22.679390
0.155273,-0.509521,0.696533,-16.549618,23.938931,-21.374046
0.159912,-0.523193,0.733643,-13.419847,24.671755,-20.496183
0.144287,-0.520752,0.757568,-8.595420,24.763359,-19.618320
0.186035,-0.523682,0.769531,-1.297710,28.343512,-18.732824
0.208008,-0.530029,0.798584,4.175572,30.595419,-19.000000
0.189697,-0.523193,0.798828,6.931298,28.763359,-19.282442
0.207520,-0.505127,0.793457,7.702290,27.305344,-19.969465
0.224609,-0.499023,0.744385,7.778626,26.450382,-22.297710
0.233887,-0.474609,0.701904,5.244275,24.450382,-25.923664
0.240234,-0.474609,0.684814,1.778626,25.694656,-29.465649
0.210449,-0.456787,0.688477,-1.328244,24.709923,-31.335878
0.191895,-0.457031,0.672607,-6.969466,24.320610,-31.603054
0.176758,-0.471191,0.678955,-9.725191,25.648855,-31.198473
0.135010,-0.480469,0.717529,-10.129771,23.244274,-27.992367
0.174316,-0.478516,0.747559,-13.328244,26.580153,-27.816793
0.172363,-0.528809,0.768311,-7.870229,30.824427,-28.549618
0.191895,-0.531006,0.779785,2.786260,33.664124,-31.068703
0.197021,-0.499023,0.814697,6.961832,31.732824,-29.580153
0.281982,-0.496094,0.785889,8.740458,32.557251,-29.725191
0.166504,-0.519043,0.827637,16.335878,32.480915,-32.877861
0.189697,-0.514648,0.824463,19.465649,32.251907,-32.206108
0.155762,-0.511719,0.782959,14.404580,27.320610,-32.015266
0.151123,-0.468994,0.710449,8.419847,18.335878,-33.221375
0.169189,-0.457520,0.658691,2.725191,10.679389,-35.312977
0.177002,-0.448242,0.617188,-7.633588,10.465649,-36.106869
0.149658,-0.451904,0.608643,-16.038168,15.167939,-34.351147
0.125732,-0.449219,0.615479,-24.564886,23.198473,-28.320610
0.102051,-0.466064,0.638184,-30.381680,26.572519,-23.473282
0.093506,-0.494141,0.667969,-27.931297,27.351145,-20.358778
0.117920,-0.520020,0.738770,-20.854961,29.221375,-18.824427
0.129395,-0.545166,0.794434,-13.259542,32.022900,-18.251909
0.121826,-0.556885,0.814453,-2.572519,31.213741,-18.778625
0.120605,-0.574219,0.825439,6.793893,27.854961,-20.473282
0.117676,-0.569092,0.791748,14.030535,21.022902,-24.213741
0.125977,-0.552490,0.778320,18.694656,13.198473,-28.045801
0.113770,-0.513916,0.727783,19.923664,7.450382,-29.030535
0.147461,-0.465820,0.685791,13.969465,4.389313,-30.015266
0.184082,-0.429932,0.668213,2.625954,7.961832,-29.541985
0.215088,-0.392822,0.644287,-6.267176,18.854961,-26.427481
0.204346,-0.372559,0.632324,-16.427481,24.114504,-22.664122
0.226318,-0.391602,0.677490,-23.251909,31.007633,-21.053434
0.238770,-0.434814,0.732910,-23.770992,33.290077,-24.748091
0.220215,-0.481201,0.766846,-17.236641,34.977100,-29.564886
0.172119,-0.523682,0.832764,-6.122138,32.297710,-33.030533
0.127441,-0.567871,0.868652,6.557252,26.656488,-35.435116
0.099609,-0.546143,0.841064,11.022901,19.244274,-37.580154
0.094482,-0.529785,0.790527,13.297709,12.786260,-36.908398
0.101318,-0.494873,0.740234,9.488549,6.877862,-33.900764
0.101074,-0.493164,0.703613,1.564885,4.992366,-32.061069
0.187500,-0.460938,0.691162,-7.412214,4.648855,-31.519083
0.197510,-0.466064,0.712646,-11.832061,20.564886,-26.305344
0.141113,-0.466797,0.702637,-16.671755,19.740458,-27.076336
0.146484,-0.474854,0.733154,-18.801527,23.267176,-27.564886
0.131836,-0.483154,0.724365,-16.167938,27.290077,-27.045801
0.112793,-0.494141,0.729004,-10.534351,29.328245,-28.351145
0.109131,-0.505371,0.745361,-5.053435,29.503817,-27.488550
0.120605,-0.472168,0.734131,-2.671756,31.404581,-25.221375
0.115723,-0.458252,0.703857,-5.175572,29.290077,-24.687023
0.151367,-0.466309,0.687988,-6.183206,28.793894,-26.015266
0.150879,-0.489014,0.696045,-5.763359,24.732824,-27.038168
0.154297,-0.482666,0.684326,-6.809160,22.687023,-28.167938
0.154053,-0.521729,0.696777,-1.366412,23.076336,-36.366413
0.135010,-0.483154,0.718506,-6.335878,22.442749,-32.778625
0.112061,-0.492188,0.695312,-10.534351,24.030535,-28.786259
0.151123,-0.504639,0.711426,-13.083969,33.236641,-28.480917
0.130127,-0.513672,0.733154,-12.221375,36.076336,-26.519083
0.116943,-0.529541,0.741943,-10.427481,34.740459,-28.870230
0.110107,-0.535889,0.720703,-3.236641,34.152672,-31.099237
0.089355,-0.733154,0.749268,12.312977,27.175573,-43.458015
0.104004,-0.453369,0.755127,6.450382,27.839695,-34.969467
0.105957,-0.458252,0.780762,3.458015,31.412214,-25.893129
0.061035,-0.543213,0.749023,6.251908,30.557251,-22.244274