acce_x,acce_y,acce_z,gyro_x,gyro_y,gyro_z
-0.120117,-0.607178,0.694580,2.923664,2.427481,-5.374046
-0.111816,-0.604980,0.705322,4.458015,3.244275,-5.442748
-0.095215,-0.601074,0.726807,6.320611,4.618320,-5.496183
-0.109375,-0.607666,0.738770,8.801527,4.038168,-5.885496
-0.112793,-0.617676,0.760010,11.847328,2.786260,-6.366412
-0.125732,-0.625488,0.776611,15.450381,1.374046,-6.412214
-0.134521,-0.629639,0.793945,19.664122,-0.221374,-6.320611
-0.129395,-0.639404,0.817139,24.145039,-1.946565,-6.732824
-0.125732,-0.643066,0.819580,28.145039,-3.351145,-7.885496
-0.125244,-0.623047,0.794922,31.045801,-4.961832,-9.938931
-0.119873,-0.612061,0.773438,32.526718,-7.793893,-12.183207
-0.116455,-0.587158,0.755859,33.038166,-8.000000,-12.297709
-0.095947,-0.586670,0.747559,33.519085,-6.862596,-12.801527
-0.094238,-0.569336,0.747070,33.335876,-3.900763,-11.900764
-0.107422,-0.556885,0.725830,32.480915,-2.175573,-9.732824
-0.117676,-0.568848,0.743652,32.816795,-1.458015,-9.045801
-0.107910,-0.568848,0.750732,32.916031,2.549618,-6.748092
-0.114502,-0.567871,0.758057,33.381680,5.274809,-5.557252
-0.141846,-0.564941,0.744629,42.145039,-4.022901,-5.870229
-0.062500,-0.499268,0.799561,34.152672,-0.503817,-5.053435
-0.137207,-0.573975,0.775635,38.175571,-2.900763,-5.938931
-0.120117,-0.583252,0.780029,43.534351,-5.488550,-8.145039
-0.139893,-0.587402,0.811768,48.480915,-8.862596,-9.709924
-0.174805,-0.587646,0.859131,55.076336,-8.984733,-5.946565
-0.161377,-0.594971,0.896484,63.664124,-5.137404,-0.259542
-0.130859,-0.610107,0.916504,73.458015,-1.648855,3.694656
-0.106934,-0.630859,0.922607,83.374046,1.786260,5.038168
-0.120361,-0.601562,0.901855,88.427483,-0.320611,4.809160
-0.143311,-0.567383,0.851074,88.099236,-9.969465,0.427481
-0.138672,-0.522949,0.749268,85.961830,-19.244274,-5.916030
-0.105713,-0.497070,0.701904,85.419846,-24.778625,-12.038168
-0.085449,-0.472656,0.687012,83.793892,-26.916031,-16.282442
-0.082275,-0.434570,0.671875,80.946564,-23.610687,-15.229008
-0.074707,-0.411133,0.653076,77.625954,-16.297710,-10.847328
-0.078857,-0.412354,0.672852,75.778625,-10.740458,-7.984733
-0.085938,-0.401855,0.680420,74.816795,-5.564886,-5.442748
-0.098877,-0.397705,0.696533,75.114502,-1.473282,-1.290076
-0.103271,-0.395508,0.710205,78.175575,-0.076336,1.854962
-0.110596,-0.396973,0.731445,78.908394,-2.030534,3.190840
-0.131348,-0.381348,0.722412,77.534348,-10.061069,0.748092
-0.133301,-0.359863,0.697021,77.190842,-18.030535,-3.129771
-0.109619,-0.336670,0.681152,75.412216,-22.534351,-5.534351
-0.060547,-0.337402,0.670898,73.587784,-20.076336,-5.885496
-0.028809,-0.315918,0.660156,70.015266,-11.801527,-3.900763
-0.042480,-0.304443,0.676514,64.679390,-4.351145,-1.793893
-0.046143,-0.309814,0.696533,60.641220,2.732824,1.297710
-0.062744,-0.331299,0.723877,61.328243,7.335878,3.786260
-0.071533,-0.350586,0.751709,64.778625,10.442748,5.625954
-0.099121,-0.348145,0.778320,67.938934,9.595420,5.435114
-0.120605,-0.359375,0.803223,71.854965,6.458015,5.251908
-0.122314,-0.354980,0.826172,74.725189,2.259542,4.961832
-0.130127,-0.361816,0.844971,83.587784,-5.030534,2.580153
-0.124756,-0.370605,0.865723,94.847328,-8.938931,1.778626
-0.149414,-0.354736,0.880615,107.183205,-8.900764,2.000000
0.083008,-0.346436,1.016602,116.618324,12.687023,28.786259
-0.161621,-0.405273,0.806641,127.045799,-12.320611,1.977099
-0.095215,-0.243652,0.836914,119.862595,-14.206107,0.702290
-0.062500,-0.207520,0.815918,113.488548,-9.083969,2.862595
-0.078613,-0.203125,0.802002,105.328247,-6.816794,4.625954
-0.065674,-0.194580,0.808105,105.206108,-4.366412,6.564886
-0.043945,-0.194824,0.825195,109.122139,-4.374046,4.946565
-0.051270,-0.150146,0.829834,104.167938,-5.633588,2.633588
-0.086670,-0.125732,0.808350,98.549622,-9.022901,2.969466
-0.104492,-0.142578,0.820801,97.763359,-16.320610,-1.564885
-0.105469,-0.152344,0.833252,98.404579,-22.419847,-6.045802
-0.088867,-0.134277,0.811768,101.419846,-24.847328,-8.641221
-0.068359,-0.104492,0.821777,101.908394,-20.007633,-5.732824
-0.083008,-0.101318,0.819580,104.961830,-21.633587,-7.793893
-0.108154,-0.072266,0.812744,101.694656,-25.236641,-9.557252
-0.130127,-0.061035,0.765381,100.190842,-32.297710,-14.366412
-0.058350,-0.003418,0.793701,98.343513,-30.732824,-8.519084
-0.075684,-0.023682,0.778564,98.862595,-29.610687,-4.274809
-0.051270,-0.010254,0.816406,97.122139,-31.824427,-4.007634
-0.050781,0.031738,0.788574,96.099236,-25.213741,-1.022901
0.017578,0.030762,0.768311,92.190842,-14.954199,6.030534
-0.027832,0.038086,0.757812,88.717560,-13.801527,4.488550
-0.029541,0.047852,0.764648,86.717560,-11.770992,4.091603
-0.004150,0.042236,0.805664,85.503815,-7.396946,5.748092
-0.025146,0.032959,0.805420,87.587784,-7.053435,3.549618
0.002930,0.084473,0.834717,86.160309,-2.259542,3.755725
-0.094971,0.048096,0.751709,86.603050,-0.053435,5.854962
-0.042969,0.107422,0.829102,85.664124,-0.969466,9.152672
-0.061279,0.117188,0.832764,83.893127,-1.465649,10.106871
-0.029053,0.126709,0.864502,83.564888,0.900763,15.312977
-0.050049,0.134521,0.833008,81.587784,-3.488550,15.061069
-0.070312,0.148193,0.821777,78.435112,-13.259542,7.603054
-0.072021,0.152588,0.756104,77.282440,-19.816793,3.465649
0.021973,0.214111,0.812744,74.122139,-11.893129,12.053435
-0.016113,0.174316,0.770752,74.847328,-7.900764,11.793893
0.007812,0.205322,0.804443,71.916031,-12.564885,5.847328
-0.041016,0.214600,0.937500,68.854965,-29.015266,-10.381680
0.040527,0.243896,0.853271,69.824425,-23.007633,-7.251908
0.108398,0.273682,0.797607,67.267174,-5.190840,4.206107
0.030273,0.260498,0.758545,60.061069,5.641222,7.778626
0.024658,0.240479,0.797852,58.145039,9.702291,10.129771
-0.023193,0.239014,0.852539,58.641220,5.465649,10.740458
-0.035645,0.246094,0.879883,59.923664,0.732824,11.152672
-0.004883,0.268555,0.845459,60.610687,0.870229,11.549619
0.008057,0.248047,0.846924,62.755726,8.885496,15.328244
0.002930,0.233398,0.864502,65.320610,11.664123,16.198473
-0.020264,0.260010,0.869141,65.190842,7.526718,14.442748
-0.040283,0.273438,0.841064,64.427483,5.717557,14.824428
-0.015381,0.292725,0.839600,63.351147,8.198473,17.251909
-0.061035,0.273682,0.812744,64.290077,7.030534,16.694656
-0.019531,0.305176,0.838867,63.458015,10.282443,19.702290
-0.052002,0.289551,0.823242,62.473282,7.274809,17.480917
-0.019043,0.311523,0.834961,61.274811,6.564886,16.587786
-0.011719,0.327393,0.812988,60.740459,4.870229,14.870229
0.030029,0.353516,0.820557,59.000000,11.778625,16.809160
-0.012939,0.332520,0.791016,59.847328,12.885496,15.625955
-0.001465,0.340088,0.814453,59.679390,20.091602,18.458015
0.001221,0.348389,0.809570,63.145039,25.358778,19.389313
-0.016113,0.364990,0.792236,64.977097,19.923664,15.847328
0.000977,0.391357,0.794434,61.236641,15.328244,14.022901
-0.028564,0.413330,0.767578,56.633587,11.541985,11.847328
-0.042480,0.415771,0.741455,54.083969,8.511451,11.412213
-0.031494,0.423828,0.731689,51.977100,3.435115,9.114504
-0.031494,0.428955,0.762451,47.122139,0.022901,7.335878
-0.085938,0.433350,0.718506,40.244274,-16.427481,-1.442748
-0.028809,0.462646,0.707764,34.007633,-13.618320,0.885496
0.070068,0.403564,0.690674,38.511452,7.290076,7.740458
0.065918,0.407471,0.775879,44.717556,13.824428,7.320611
-0.016846,0.411133,0.738525,45.641220,9.687023,4.312977
0.018555,0.451416,0.718262,40.992367,12.458015,5.389313
0.011719,0.450195,0.726318,39.954197,10.603053,4.427481
-0.011230,0.458496,0.736328,38.335876,5.923664,2.931298
-0.020264,0.452393,0.731689,37.916031,5.000000,2.709924
-0.020020,0.431885,0.717529,37.625954,9.114504,4.969466
-0.021240,0.425537,0.748779,36.435116,10.832061,5.274809
-0.033691,0.427490,0.750244,35.190838,9.595420,5.351145
-0.053955,0.436523,0.748779,35.259541,6.419847,4.526718
-0.067383,0.433838,0.756348,35.358780,0.053435,3.007634
-0.066162,0.442871,0.733154,36.557251,-4.122138,1.572519
0.005371,0.455566,0.753174,39.053436,9.977099,8.702291
-0.029785,0.432861,0.726807,44.908398,5.412214,5.519084
-0.002930,0.492432,0.756592,42.580154,7.160306,6.335878
-0.016602,0.511963,0.720215,40.229008,7.580153,7.297710
-0.007568,0.484131,0.698975,41.793892,14.465649,11.435115
-0.007080,0.485107,0.729492,42.198475,18.022902,13.068703
-0.063721,0.502930,0.699463,41.022900,10.778625,11.580153
-0.048340,0.518555,0.727295,38.030533,12.519084,13.526717
-0.032959,0.474609,0.701904,40.358780,20.030535,17.961832
-0.029297,0.481689,0.717529,42.427483,18.656488,17.419847
-0.064941,0.488525,0.745361,40.320610,14.778625,17.450382
-0.053467,0.497070,0.750244,38.885498,16.351145,20.961832
-0.048584,0.465820,0.735840,44.351147,19.251909,24.748091
-0.056396,0.471924,0.755615,47.106869,20.305344,27.740458
-0.070312,0.506836,0.783447,49.030533,34.679390,33.129772
-0.060059,0.453125,0.643555,64.000000,19.183207,30.068703
0.026855,0.562500,0.716064,56.900764,22.435114,32.343510
-0.061523,0.569580,0.658936,49.740459,14.374045,29.229008
0.003174,0.582520,0.654785,52.442749,20.045801,29.847328
0.026123,0.587891,0.633545,55.297710,25.236641,29.984734
0.025879,0.612305,0.632324,51.900764,24.038168,27.206106
0.018799,0.609375,0.639893,47.068703,23.725191,25.160305
0.056152,0.594238,0.607178,47.038166,35.030533,29.793894
0.040039,0.583984,0.644531,48.885498,41.167938,30.770992
-0.027100,0.575195,0.612793,51.282444,37.763359,27.786259
-0.035645,0.579102,0.616943,51.366413,36.961834,28.732824
-0.017090,0.582520,0.623291,51.694656,49.122139,38.190838
-0.062744,0.571289,0.637451,50.580154,45.977100,39.862595
-0.090820,0.596924,0.635742,48.648853,35.206108,36.122139
-0.086182,0.615234,0.643066,45.320610,27.473282,35.870228
-0.085938,0.603516,0.600098,45.022900,20.603054,35.526718
-0.017334,0.623779,0.656738,45.381680,21.358778,40.541985
-0.024658,0.664551,0.574951,52.061069,19.122137,39.916031
-0.084229,0.659668,0.585938,43.778625,14.809160,35.251907
0.027100,0.674072,0.565674,38.137405,14.412213,35.938931
-0.021240,0.667236,0.530518,40.198475,12.114504,33.442749
0.029541,0.705322,0.579346,41.061069,13.954199,35.145039
0.027344,0.678223,0.553467,41.900764,19.053434,34.198475
-0.020264,0.664062,0.568604,41.007633,10.717557,28.732824
0.018555,0.703857,0.576660,36.625954,7.824428,25.717558
0.016602,0.686035,0.571777,35.480915,4.954198,22.770992
0.048340,0.657227,0.579834,37.366413,11.526717,24.679390
0.027100,0.649658,0.581787,39.106869,13.366412,23.488550
0.046143,0.700684,0.531494,41.679390,23.236641,26.763359
-0.031250,0.666748,0.507324,42.259541,17.557251,24.351145
-0.084473,0.681152,0.548828,32.511452,8.793893,22.847328
-0.068604,0.664062,0.542480,32.938931,10.656488,28.297710
-0.071533,0.642334,0.525635,39.648853,14.671756,33.412212
-0.078613,0.667236,0.555420,43.068703,8.396947,34.167938
-0.048828,0.694092,0.550537,42.167938,0.885496,33.145039
0.016846,0.722412,0.531982,37.770992,2.137405,33.877861
0.065430,0.722900,0.515625,36.618320,7.320611,34.732826
0.111084,0.720215,0.510254,36.763359,14.587787,33.763359
0.096680,0.743896,0.480713,34.809162,18.038168,31.137405
0.084473,0.756104,0.453125,33.427483,19.862595,28.137405
0.068604,0.766602,0.429688,30.297710,20.641222,24.809160
0.031250,0.762939,0.448730,23.396946,21.404581,23.984734
0.025635,0.728516,0.466797,24.496183,24.030535,26.160305
0.002441,0.710938,0.494385,26.419847,24.412214,27.847328
-0.010742,0.733887,0.500000,27.549618,17.358778,27.717558
0.005615,0.739990,0.508301,26.839695,10.549619,26.290077
0.027588,0.760498,0.487549,23.633587,5.778626,23.488550
0.061035,0.758057,0.489990,22.145039,4.526718,21.190840
0.095459,0.762451,0.477783,21.114504,5.992366,18.305344
0.069092,0.779053,0.457764,17.694656,3.229008,13.740458
0.076416,0.786377,0.442139,14.022901,3.587786,9.541985
0.083252,0.790039,0.412109,10.740458,7.435114,6.572519
0.052002,0.774414,0.421631,6.427481,9.305344,5.152672
0.026367,0.757324,0.444824,4.824428,11.412213,6.732824
0.028320,0.738037,0.471191,7.198473,16.770992,11.114504
0.003906,0.735840,0.484131,12.641221,18.160305,14.076336
-0.020508,0.724609,0.518066,15.083969,15.312977,14.931297
-0.031494,0.735352,0.504639,14.206107,10.419847,15.709924
-0.023193,0.751953,0.487305,11.221375,12.045801,19.809160
-0.007568,0.742676,0.481689,12.221375,13.351145,22.106871
-0.032471,0.759521,0.470459,13.358779,6.603054,20.251909
-0.026611,0.768555,0.463135,12.534351,0.770992,19.557251
0.025635,0.789307,0.448242,13.328244,4.038168,21.282442
0.060059,0.798828,0.459229,14.656488,9.992367,24.167938
0.072021,0.816406,0.479492,12.923664,10.412213,24.511450
0.098145,0.818115,0.492676,12.938931,8.122137,21.603054
0.141357,0.822998,0.494385,12.519084,7.389313,17.045801
0.163574,0.843018,0.479004,13.137404,7.076336,10.916031
0.185059,0.827148,0.453857,16.145039,11.183207,6.244275
0.170898,0.830078,0.440186,16.122137,14.656488,1.572519
0.118652,0.833740,0.430176,13.083969,14.641221,-2.351145
0.089600,0.823486,0.406006,9.717557,13.328244,-5.381680
0.058350,0.822266,0.383545,5.312977,11.908397,-6.183206
0.030762,0.824463,0.348633,-0.595420,8.694656,-6.312977
-0.002686,0.836182,0.312500,-5.251908,2.007634,-6.618320
-0.004395,0.793213,0.355225,-5.015267,-2.412214,-2.282443
0.032471,0.736328,0.435059,0.328244,3.656489,6.351145
0.039062,0.708740,0.468262,5.977099,8.335877,12.274809
0.041992,0.709717,0.512207,7.732824,7.129771,13.816793
0.035156,0.742188,0.486816,8.488549,4.122138,12.671756
0.048096,0.776611,0.460205,8.832061,5.229008,14.053435
0.066406,0.796387,0.439941,8.473283,7.335878,14.366412
0.084229,0.818604,0.406006,6.572519,8.770992,11.854961
0.091797,0.827148,0.406494,4.541985,8.702291,7.778626
0.094238,0.817383,0.409180,2.732824,5.580153,3.625954
0.103027,0.832275,0.386719,0.511450,4.656488,0.969466
0.093262,0.843750,0.392090,1.160305,3.274809,-1.389313
0.084229,0.837402,0.395264,-0.038168,1.053435,-3.656489
0.094727,0.818604,0.429932,-1.480916,2.740458,-3.755725
0.088867,0.800781,0.410889,-0.358779,8.908397,-1.488550
0.061768,0.760254,0.474854,-0.763359,15.671756,1.885496
0.019775,0.736084,0.483643,0.541985,16.091602,3.259542
-0.011963,0.763428,0.468506,0.129771,15.114504,5.648855
-0.032715,0.761719,0.460205,1.183206,14.091603,8.870229
-0.049316,0.757324,0.448730,3.183206,12.977099,10.954199
-0.054932,0.797607,0.429932,1.862595,8.763359,13.129771
-0.043213,0.821289,0.407715,-0.656489,2.862595,14.427481
0.016602,0.841309,0.412598,-4.076336,1.053435,14.786260
0.092285,0.854492,0.385498,-5.213740,1.969466,12.389313
0.117676,0.845947,0.423828,-3.572519,0.160305,6.717557
0.133301,0.842529,0.441406,-1.198473,-2.366412,0.977099
0.157959,0.865967,0.410889,-2.259542,0.106870,-3.580153
0.157715,0.882568,0.374268,-5.610687,3.595420,-8.343512
0.138672,0.873047,0.374756,-11.778625,5.007634,-10.809160
0.101318,0.816406,0.426758,-13.595420,6.603054,-9.732824
0.070068,0.750732,0.484375,-11.358779,7.977099,-6.488550
0.054688,0.727783,0.504150,-9.305344,7.900764,-3.664122
0.059570,0.740723,0.509033,-8.351145,8.106871,-0.748092
0.062744,0.756104,0.480469,-8.984733,10.809160,2.297710
0.077393,0.800781,0.419189,-9.664123,11.114504,3.114504
0.071045,0.815430,0.422852,-11.183207,7.007634,0.419847
0.087891,0.801758,0.411621,-10.007633,7.076336,-2.091603
0.106201,0.799805,0.421875,-10.045801,13.122137,-4.000000
0.120361,0.803955,0.395264,-12.061069,20.984734,-6.290076
0.105225,0.835693,0.362549,-16.381680,25.748091,-8.106871
0.084229,0.861084,0.335205,-21.458015,25.839695,-9.763359
0.032227,0.842773,0.350342,-23.053434,21.045801,-12.809160
0.013916,0.796143,0.390625,-24.595419,15.251908,-14.603053
0.024902,0.730225,0.476807,-26.572519,15.213740,-11.908397
0.000244,0.672852,0.531982,-19.618320,14.183207,-7.465649
-0.029297,0.676758,0.579346,-13.351145,11.900764,-3.335878
-0.044434,0.708984,0.544434,-10.946565,7.007634,-1.488550
-0.002686,0.754150,0.496094,-12.198473,8.106871,1.335878
-0.002441,0.782715,0.461914,-11.557252,9.015267,2.954198
-0.004883,0.787598,0.459473,-11.854961,6.083970,2.175573
0.009033,0.794678,0.442383,-14.007633,4.816794,0.786260
0.049805,0.803467,0.413818,-17.809160,8.572519,-0.038168
0.074463,0.833496,0.382568,-22.648855,13.824428,-0.442748
0.096924,0.854492,0.361328,-30.000000,17.580153,-3.458015
0.092773,0.832520,0.392822,-34.007633,14.167939,-8.648855
0.083984,0.761719,0.456543,-29.664122,9.335877,-12.969465