Accel:  +0.64  -0.11  +0.93 || 0        Gyro:  +45.27   +9.31   -4.60 || 0
Accel:  +0.63  -0.09  +0.92 || 5        Gyro:  +40.77   +9.02  -11.22 || 5
Accel:  +0.63  -0.05  +0.95 || 10       Gyro:  +46.02   +4.60   -1.05 || 10
Accel:  +0.64  -0.10  +0.94 || 15       Gyro:  +49.81  +10.10   -0.81 || 15
Accel:  +0.62  -0.13  +0.93 || 20       Gyro:  +57.47   +6.18   +3.09 || 20
Accel:  +0.60  -0.08  +0.93 || 25       Gyro:  +63.94   +8.74  +11.79 || 25
Accel:  +0.50  -0.06  +1.01 || 30       Gyro:  +58.13   +6.52   -7.11 || 30
Accel:  +0.56  -0.09  +0.92 || 35       Gyro:  +64.96   +2.21   -0.11 || 35
Accel:  +0.47  -0.01  +0.93 || 40       Gyro:  +75.73   -6.11   +1.13 || 40
Accel:  +0.64  +0.03  +1.02 || 45       Gyro:  +93.03  -14.34  +11.61 || 45
Accel:  +0.61  +0.16  +1.14 || 50       Gyro:  +38.35  -19.22   +0.70 || 50
Accel:  +0.64  -0.03  +0.98 || 55       Gyro:  +31.59  -11.89   -7.08 || 55
Accel:  +0.70  -0.12  +0.86 || 60       Gyro:  +40.30  -13.76   +6.82 || 60
Accel:  +0.70  +0.01  +0.95 || 65       Gyro:  +59.67   +6.51  +13.53 || 65
Accel:  +0.67  +0.03  +0.99 || 70       Gyro:  +65.27  +11.21   +0.28 || 70
Accel:  +0.58  +0.07  +0.97 || 75       Gyro:  +51.82   +1.21   -7.31 || 75
Accel:  +0.61  +0.04  +0.98 || 80       Gyro:   +7.51   -5.36   -8.15 || 80
Accel:  +0.60  -0.02  +0.91 || 85       Gyro:   +7.60   -5.34   -8.28 || 85
Accel:  +0.63  +0.06  +1.03 || 90       Gyro:   +7.03   -5.29   -8.24 || 90
Accel:  +0.62  -0.04  +0.91 || 95       Gyro:   +7.03   -5.17   -8.69 || 95
Accel:  +0.59  -0.12  +0.77 || 100      Gyro:   +7.18   -5.62   -8.49 || 100
Accel:  +0.65  +0.35  +0.89 || 105      Gyro:   +7.15   -5.74   -8.92 || 105
Accel:  +0.53  +0.43  +0.88 || 110      Gyro:   +6.98   -5.72   -8.95 || 110
Accel:  +0.74  +0.66  +0.84 || 115      Gyro:   +7.11   -5.40   -8.82 || 115
Accel:  +0.07  +0.57  +0.45 || 120      Gyro:   +7.04   -6.05   -8.82 || 120
Accel:  +0.83  +0.81  +0.18 || 125      Gyro:   +6.98   -5.56   -8.66 || 125
Accel:  +0.28  +1.05  +0.11 || 130      Gyro:   +7.20   -5.79   -8.69 || 130
Accel:  +0.68  +1.22  +0.24 || 135      Gyro:   +7.08   -5.61   -8.75 || 135
Accel:  +0.63  +1.03  -0.12 || 140      Gyro:   +6.89   -5.76   -8.83 || 140
Accel:  +0.36  +1.03  -0.16 || 145      Gyro:   +7.29   -5.74   -9.10 || 145
Accel:  +0.64  +1.19  -0.14 || 150      Gyro:   +6.98   -5.72   -8.62 || 150
Accel:  +0.45  +1.13  -0.10 || 155      Gyro:   +7.02   -5.59   -8.74 || 155
Accel:  +0.56  +1.01  -0.17 || 160      Gyro:   +7.21   -5.98   -8.89 || 160
Accel:  +0.56  +1.07  -0.13 || 165      Gyro:   +6.96   -5.83   -8.91 || 165
Accel:  +0.56  +1.12  -0.11 || 170      Gyro:   +7.02   -5.80   -9.15 || 170
Accel:  +0.55  +1.09  -0.23 || 175      Gyro:   +7.28   -5.72   -8.83 || 175
Accel:  +0.55  +1.32  +0.25 || 180      Gyro:   +7.18   -5.48   -8.50 || 180
Accel:  +0.60  +1.18  -0.03 || 185      Gyro:   +7.40   -5.76   -8.99 || 185
Accel:  +0.44  +1.19  +0.50 || 190      Gyro:   +7.89   -5.37   -8.79 || 190
Accel:  +0.63  +0.72  +0.18 || 195      Gyro: -250.14   +3.75  -83.01 || 195
Accel:  +0.49  +0.47  +0.84 || 200      Gyro: -220.76  +10.59  -54.72 || 200
Accel:  +0.48  +0.13  +0.82 || 205      Gyro: -122.51  +38.11  -57.30 || 205
Accel:  +0.46  -0.11  +0.64 || 210      Gyro: -136.52  -21.70  -59.79 || 210
Accel:  +0.49  -0.09  +0.90 || 215      Gyro:  -54.72   +3.09  -26.53 || 215
Accel:  +0.42  -0.32  +0.89 || 220      Gyro:   +6.07   -8.80   +7.12 || 220
Accel:  +0.44  -0.23  +1.00 || 225      Gyro:  +35.11  -52.10  +34.33 || 225
Accel:  +0.52  -0.21  +0.91 || 230      Gyro:  +82.62  -52.14  +43.63 || 230
Accel:  +0.73  -0.33  +1.02 || 235      Gyro:   -5.98  -97.76  -37.34 || 235
Accel:  +0.65  -0.16  +0.72 || 240      Gyro: +181.60 -112.84  +18.17 || 240
Accel:  -0.17  -0.31  +0.72 || 245      Gyro: +250.13  -35.56  +27.38 || 245
Accel:  +1.18  +1.49  -0.03 || 250      Gyro: +151.76 -158.40   +5.07 || 250
Accel:  +0.59  -0.04  +2.00 || 255      Gyro:  +56.20 -229.78  -28.79 || 255
Accel:  +1.11  +0.27  +0.60 || 260      Gyro:  +28.48  -19.47 +218.08 || 260
Accel:  +1.40  +0.41  +0.68 || 265      Gyro: -152.49  -13.32 +102.68 || 265
Accel:  +1.36  +0.20  +0.48 || 270      Gyro: -250.14  +74.92 +115.95 || 270
Accel:  +1.05  -0.14  +0.23 || 275      Gyro: -250.14 +153.56 +180.57 || 275
Accel:  +0.83  -0.41  -0.21 || 280      Gyro: -250.14 +183.56 +158.09 || 280
Accel:  -2.00  -2.00  +1.71 || 285      Gyro: -250.14  -25.23 +250.13 || 285
Accel:  +0.09  -0.88  -0.13 || 290      Gyro: +106.69 +141.27 -206.92 || 290
Accel:  +0.48  -2.00  +0.47 || 295      Gyro: -175.54  -72.50 +205.10 || 295
Accel:  +0.44  -0.56  +0.10 || 300      Gyro:  +30.08  -54.85   +4.42 || 300
Accel:  +0.40  -0.78  +0.12 || 305      Gyro:  +31.27   +9.28  +46.36 || 305
Accel:  +0.53  -1.00  +0.03 || 310      Gyro:  +44.37   -9.07   -3.47 || 310
Accel:  +0.49  -1.04  +0.05 || 315      Gyro:  +46.21   -0.22   +7.89 || 315
Accel:  +0.52  -1.00  +0.07 || 320      Gyro:  +45.23   +1.39  +12.56 || 320
Accel:  +0.48  -1.01  +0.05 || 325      Gyro:  +46.96   -0.82   +3.98 || 325
Accel:  +0.50  -1.00  +0.05 || 330      Gyro:  +46.74   -0.57   +4.98 || 330
Accel:  +0.50  -1.00  +0.06 || 335      Gyro:  +46.16   +0.48   +6.92 || 335
Accel:  +0.48  -1.00  +0.04 || 340      Gyro:  +46.73   +0.25   +6.12 || 340
Accel:  +0.47  -1.01  +0.06 || 345      Gyro:  +47.37   -0.33   +3.23 || 345
Accel:  +0.46  -1.00  +0.03 || 350      Gyro:  +46.04   +1.31   +7.92 || 350
Accel:  +0.48  -1.00  +0.04 || 355      Gyro:  +47.58   -0.40   +1.10 || 355
Accel:  +0.47  -1.00  +0.05 || 360      Gyro:  +45.83   +0.35   +7.24 || 360
Accel:  +0.45  -1.01  +0.05 || 365      Gyro:  +47.68   -1.18   +1.70 || 365
Accel:  +0.47  -1.01  +0.04 || 370      Gyro:  +45.82   +0.60   +7.54 || 370
Accel:  +0.44  -1.01  +0.03 || 375      Gyro:  +47.84   -0.55   +1.44 || 375
Accel:  +0.45  -1.01  +0.03 || 380      Gyro:  +46.92   +0.34   +5.07 || 380
Accel:  +0.44  -1.01  +0.04 || 385      Gyro:  +47.33   -0.18   +2.99 || 385
Accel:  +0.44  -1.01  +0.04 || 390      Gyro:  +47.32   -0.18   +3.14 || 390
Accel:  +0.44  -1.01  +0.03 || 395      Gyro:  +46.60   -0.12   +4.44 || 395