Accel:  +0.53  +0.01  +1.06 || 0        Gyro:  +53.80  -10.22   -1.92 || 0
Accel:  +0.54  -0.05  +0.96 || 5        Gyro:  +50.87   -4.37   +0.52 || 5
Accel:  +0.58  -0.01  +1.00 || 10       Gyro:  +45.10   +1.57  -13.03 || 10
Accel:  +0.58  -0.07  +0.96 || 15       Gyro:  +45.02   +0.60   -4.46 || 15
Accel:  +0.50  -0.06  +0.99 || 20       Gyro:  +43.78   +5.53   -7.15 || 20
Accel:  +0.55  -0.03  +1.02 || 25       Gyro:  +38.93   +0.12  -13.01 || 25
Accel:  +0.50  -0.09  +0.93 || 30       Gyro:  +38.69  +11.97  -10.33 || 30
Accel:  +0.53  -0.08  +0.93 || 35       Gyro:  +52.60   -8.27   +8.52 || 35
Accel:  +0.59  -0.02  +1.02 || 40       Gyro:  +49.13   +0.34   -7.37 || 40
Accel:  +0.51  -0.10  +0.94 || 45       Gyro:  +48.11   +5.55   -5.50 || 45
Accel:  +0.53  -0.05  +0.95 || 50       Gyro:  +51.28   +1.10   -2.77 || 50
Accel:  +0.54  -0.08  +0.92 || 55       Gyro:  +55.66   -1.79   +0.89 || 55
Accel:  +0.53  -0.01  +1.01 || 60       Gyro:  +50.93   +0.47   +6.44 || 60
Accel:  +0.50  -0.03  +1.00 || 65       Gyro:  +50.38   +6.02   +8.71 || 65
Accel:  +0.56  -0.02  +0.98 || 70       Gyro:  +50.15   -5.33   -3.95 || 70
Accel:  +0.46  -0.05  +0.96 || 75       Gyro:  +51.85   +4.80   -0.15 || 75
Accel:  +0.54  -0.05  +0.95 || 80       Gyro:  +52.24   +3.56   -4.53 || 80
Accel:  +0.46  -0.05  +0.96 || 85       Gyro:  +50.24   +4.38   -8.15 || 85
Accel:  +0.52  -0.01  +0.99 || 90       Gyro:  +48.80   +4.81   -1.73 || 90
Accel:  +0.53  -0.05  +0.96 || 95       Gyro:  +54.44   +4.97   +1.84 || 95
Accel:  +0.52  -0.05  +0.97 || 100      Gyro:  +63.16   +6.05  -10.41 || 100
Accel:  +0.47  -0.09  +0.93 || 105      Gyro:  +77.05  -13.26   +3.20 || 105
Accel:  +0.52  -0.11  +0.87 || 110      Gyro: +140.41  -25.27  +28.25 || 110
Accel:  +0.50  +0.21  +1.10 || 115      Gyro: +120.92  -47.24  +69.28 || 115
Accel:  +0.54  +0.12  +0.90 || 120      Gyro: +167.79  -32.98   +0.37 || 120
Accel:  +0.65  +0.39  +1.08 || 125      Gyro: +123.53  +18.44  -19.66 || 125
Accel:  +0.60  +0.16  +0.68 || 130      Gyro: +147.65  +28.35  -50.34 || 130
Accel:  +0.51  +0.73  +1.06 || 135      Gyro: +151.76  +13.67  +38.22 || 135
Accel:  +0.60  +0.35  +0.44 || 140      Gyro: +250.13  -58.95   -2.76 || 140
Accel:  +0.36  +0.80  +0.24 || 145      Gyro: +218.63  +75.24  -46.79 || 145
Accel:  +0.36  +1.22  +0.65 || 150      Gyro: +250.13  +14.18  -48.34 || 150
Accel:  +0.37  +0.69  -0.18 || 155      Gyro: +250.13  -37.92  -79.66 || 155
Accel:  +0.58  +1.54  +0.02 || 160      Gyro: +131.79  +37.35  +65.22 || 160
Accel:  +0.34  +1.09  -0.32 || 165      Gyro: +140.71  -76.09  -17.69 || 165
Accel:  +0.48  +1.06  -0.26 || 170      Gyro:  +75.76  -16.90  -41.76 || 170
Accel:  +0.44  +0.87  -0.34 || 175      Gyro:  +75.24  +29.99  -13.68 || 175
Accel:  +0.36  +0.98  -0.18 || 180      Gyro:  +58.51  +15.16  -14.76 || 180
Accel:  +0.38  +0.96  -0.37 || 185      Gyro:  +97.47  +21.86   +5.03 || 185
Accel:  +0.41  +0.96  -0.35 || 190      Gyro:  +13.37   +8.09   -7.53 || 190
Accel:  +0.44  +0.91  -0.33 || 195      Gyro:  +51.28   +3.09   +8.36 || 195
Accel:  +0.37  +0.97  -0.31 || 200      Gyro:  +59.40  +13.04   +2.27 || 200
Accel:  +0.41  +0.95  -0.34 || 205      Gyro:  +47.10  +18.60   +5.02 || 205
Accel:  +0.43  +0.97  -0.32 || 210      Gyro:  +51.11  -14.62  +25.20 || 210
Accel:  +0.41  +0.94  -0.35 || 215      Gyro:  +41.95   -2.19  +26.86 || 215
Accel:  +0.35  +1.07  -0.17 || 220      Gyro:  -17.87   -9.35  -60.95 || 220
Accel:  +0.47  +1.10  -0.31 || 225      Gyro:   +9.25   -9.22   -0.73 || 225
Accel:  +0.44  +1.26  -0.17 || 230      Gyro:  -84.73  +28.23  +42.68 || 230
Accel:  +0.40  +0.98  -0.23 || 235      Gyro:  -75.35  -31.50  +30.56 || 235
Accel:  +0.60  +1.23  +0.04 || 240      Gyro: -195.11   +2.76  +54.06 || 240
Accel:  +0.49  +0.89  +0.18 || 245      Gyro: -224.12  +22.74  +77.47 || 245
Accel:  +0.66  +0.91  +0.41 || 250      Gyro: -250.14  +70.55   -1.20 || 250
Accel:  +0.60  +0.44  +0.55 || 255      Gyro: -250.14  +33.50  +55.05 || 255
Accel:  +0.49  +0.30  +0.51 || 260      Gyro: -250.14 +123.64  +78.05 || 260
Accel:  +0.39  +0.16  +0.99 || 265      Gyro:  -90.50  +18.07  -30.09 || 265
Accel:  +0.57  +0.25  +0.85 || 270      Gyro: -152.89  +63.43   +7.08 || 270
Accel:  +0.44  -0.23  +0.80 || 275      Gyro:  -70.38  +48.57  -45.55 || 275
Accel:  +0.27  -0.37  +0.86 || 280      Gyro:   -0.66   -3.49  -41.08 || 280
Accel:  +0.31  -0.44  +0.84 || 285      Gyro:  +41.01   +7.04  -51.46 || 285
Accel:  +0.38  -0.40  +1.01 || 290      Gyro:  +37.79  -19.83  -29.60 || 290
Accel:  +0.36  -0.39  +0.96 || 295      Gyro:  +57.14  -25.92  -14.07 || 295
Accel:  +0.57  -0.26  +1.06 || 300      Gyro:  +58.67   +4.61   +2.59 || 300
Accel:  +0.39  -0.30  +0.93 || 305      Gyro:  +53.37   -4.81   +2.56 || 305
Accel:  +0.40  -0.27  +0.95 || 310      Gyro:  +66.97   +3.33  -14.58 || 310
Accel:  +0.37  -0.27  +0.87 || 315      Gyro:  +69.24  -11.53  -10.17 || 315
Accel:  +0.32  +0.02  +1.01 || 320      Gyro:  +90.43  -61.76  +96.07 || 320
Accel:  +0.63  -0.13  +0.96 || 325      Gyro:  +58.38  +17.87  +52.51 || 325
Accel:  +0.40  -0.39  +0.92 || 330      Gyro:  +33.86   +7.02  +96.27 || 330
Accel:  +0.47  -0.14  +0.80 || 335      Gyro:  +90.58  +33.17   +0.29 || 335
Accel:  +0.22  +0.14  +1.10 || 340      Gyro:  +56.40  -17.15  +91.88 || 340
Accel:  +0.50  -0.21  +0.98 || 345      Gyro:  +27.26   +3.08  +87.89 || 345
Accel:  +0.37  -0.21  +0.69 || 350      Gyro: +179.65   -3.71 -131.27 || 350
Accel:  +0.62  +0.06  +0.77 || 355      Gyro: +250.13 -230.14  -95.02 || 355
Accel:  +0.94  +1.51  +0.81 || 360      Gyro: +250.13  -21.08 +250.13 || 360
Accel:  +0.92  +0.18  +0.36 || 365      Gyro: +222.57 -191.26  -35.86 || 365
Accel:  +0.68  +0.68  +0.54 || 370      Gyro: +250.13 -224.53 -126.40 || 370
Accel:  +1.41  +0.98  -0.23 || 375      Gyro: +191.77 -153.06 -250.14 || 375
Accel:  +0.84  +1.27  +0.12 || 380      Gyro: +250.13  -13.23 -193.00 || 380
Accel:  +0.59  +1.40  -0.04 || 385      Gyro: +154.32  -19.35  -86.34 || 385
Accel:  +0.61  +1.09  -0.13 || 390      Gyro:  +58.34  -48.92 -127.50 || 390
Accel:  +0.47  +1.05  -0.17 || 395      Gyro:  +71.50  +13.30  -17.20 || 395