Accel:  +0.64  +0.11  +1.14 || 0        Gyro:  +58.79  -11.39  -24.73 || 0
Accel:  +0.54  -0.04  +0.95 || 5        Gyro:  +95.25  +38.24   +3.15 || 5
Accel:  +0.61  +0.11  +1.00 || 10       Gyro:  +39.61  -26.08   +7.19 || 10
Accel:  +0.76  +0.01  +0.88 || 15       Gyro:   +5.69   -2.84   +3.36 || 15
Accel:  +0.63  -0.08  +1.03 || 20       Gyro:  +13.58   +9.23  -52.63 || 20
Accel:  +0.60  -0.04  +1.00 || 25       Gyro:  -10.56  -19.40  -19.95 || 25
Accel:  +0.71  -0.07  +0.98 || 30       Gyro:  +11.74  -18.73   -1.55 || 30
Accel:  +0.70  -0.17  +0.94 || 35       Gyro:  +23.37   +8.94  -18.56 || 35
Accel:  +0.79  -0.13  +0.84 || 40       Gyro:  +52.04 +105.27  -38.31 || 40
Accel:  +0.72  -0.08  +0.92 || 45       Gyro:  +13.55  +74.18  -10.37 || 45
Accel:  +0.33  -0.17  +0.91 || 50       Gyro:  +43.96  +54.59   +7.82 || 50
Accel:  +0.31  -0.22  +1.00 || 55       Gyro:  +32.46  +17.22   +7.65 || 55
Accel:  +0.44  -0.30  +0.74 || 60       Gyro:  +53.93   +1.61   -3.34 || 60
Accel:  +0.50  -0.26  +0.96 || 65       Gyro:  +69.43  -25.44   +8.54 || 65
Accel:  +0.38  -0.10  +1.10 || 70       Gyro:  +69.66   -2.86   -4.73 || 70
Accel:  +0.54  -0.17  +0.87 || 75       Gyro:  +59.91   -5.63   -0.54 || 75
Accel:  +0.36  -0.16  +0.98 || 80       Gyro:  +87.09  -14.92   -5.36 || 80
Accel:  +0.67  -0.00  +1.00 || 85       Gyro:  +78.51  -21.79   -2.83 || 85
Accel:  +0.54  -0.10  +0.86 || 90       Gyro: +128.86  -15.50  +21.07 || 90
Accel:  +0.42  -0.07  +0.80 || 95       Gyro: +160.52  +21.13   -7.81 || 95
Accel:  +0.48  +0.14  +1.09 || 100      Gyro: +247.50  -40.35  +16.14 || 100
Accel:  +0.51  +0.54  +1.26 || 105      Gyro: +250.13  -74.69  +24.82 || 105
Accel:  +0.83  +0.05  -0.44 || 110      Gyro: +250.13  +43.87  +26.21 || 110
Accel:  +0.60  +0.99  +0.47 || 115      Gyro: +250.13  +80.56   +0.01 || 115
Accel:  +0.66  +1.20  -0.01 || 120      Gyro: +250.13 -175.44  +14.04 || 120
Accel:  +0.69  +1.49  +0.92 || 125      Gyro: +196.05 -107.10  -55.66 || 125
Accel:  +0.70  +1.03  -0.42 || 130      Gyro: +141.77  +62.88  -38.22 || 130
Accel:  +0.70  +1.05  -0.16 || 135      Gyro:  +81.56  +34.22  -42.98 || 135
Accel:  +0.40  +1.00  -0.02 || 140      Gyro:  +72.50  +37.21  -49.29 || 140
Accel:  +0.51  +0.99  -0.11 || 145      Gyro:  +67.04  -18.70  -28.64 || 145
Accel:  +0.41  +1.03  -0.11 || 150      Gyro:  +63.14   +5.05   -9.85 || 150
Accel:  +0.44  +1.02  -0.13 || 155      Gyro:  +48.34   -3.84   +4.02 || 155
Accel:  +0.41  +0.98  -0.15 || 160      Gyro:  +40.47   +1.40  +16.20 || 160
Accel:  +0.44  +1.01  -0.07 || 165      Gyro:  +31.34   +4.07  +16.31 || 165
Accel:  +0.49  +1.00  -0.09 || 170      Gyro:  +25.46   +3.07  +14.94 || 170
Accel:  +0.53  +1.01  -0.03 || 175      Gyro:  +12.12  -24.91  +27.82 || 175
Accel:  +1.65  +1.34  +0.55 || 180      Gyro:  -53.99 +140.97  +17.02 || 180
Accel:  +0.34  +1.27  +0.34 || 185      Gyro:  -80.36   -5.47  -10.65 || 185
Accel:  +0.62  +1.49  +0.49 || 190      Gyro: -158.43  -54.73  +16.51 || 190
Accel:  +0.88  +1.07  +0.28 || 195      Gyro: -250.14  +45.37  -24.34 || 195
Accel:  +0.23  +0.94  +0.59 || 200      Gyro: -250.14  +26.13  +14.96 || 200
Accel:  +0.67  +0.49  +0.71 || 205      Gyro: -250.14  -47.16  -18.78 || 205
Accel:  -0.45  +0.49  +1.39 || 210      Gyro: -250.14  -78.00 -250.14 || 210
Accel:  +0.57  -0.11  +0.75 || 215      Gyro:  -93.97  -28.48  -30.31 || 215
Accel:  +0.55  -0.26  +0.64 || 220      Gyro:  +41.64  +31.60  -24.10 || 220
Accel:  +0.50  -0.06  +1.27 || 225      Gyro:  +44.62  -17.96   -3.33 || 225
Accel:  +0.62  -0.14  +1.07 || 230      Gyro:  +64.27   +7.35   +3.97 || 230
Accel:  +0.67  -0.06  +0.94 || 235      Gyro:  +40.63  -13.76   +8.57 || 235
Accel:  +0.59  -0.03  +1.04 || 240      Gyro:  +48.31   +5.46   +8.20 || 240
Accel:  +0.56  -0.07  +1.00 || 245      Gyro:  +53.26   +9.66   +0.18 || 245
Accel:  +0.58  +0.00  +1.07 || 250      Gyro:  +54.03  +14.50   +5.20 || 250
Accel:  +0.60  -0.09  +0.86 || 255      Gyro:  +48.75   +1.79   +5.21 || 255
Accel:  +0.53  -0.01  +1.08 || 260      Gyro:  +51.24   -6.76   -0.81 || 260
Accel:  +0.63  -0.04  +0.90 || 265      Gyro:  +46.56   -9.08   +3.46 || 265
Accel:  +0.61  -0.02  +0.94 || 270      Gyro:  +49.74   -4.70   +1.53 || 270
Accel:  +0.57  +0.01  +1.06 || 275      Gyro:  +47.08   +3.21   -2.76 || 275
Accel:  +0.65  -0.02  +0.95 || 280      Gyro:  +44.18  -10.27   -5.87 || 280
Accel:  +0.63  -0.07  +0.89 || 285      Gyro:  +54.65   +6.62   +5.51 || 285
Accel:  +0.63  -0.02  +0.96 || 290      Gyro:  +53.04   +7.46   -0.86 || 290
Accel:  +0.59  -0.02  +0.95 || 295      Gyro:  +68.12   +7.04   +0.11 || 295
Accel:  +0.63  -0.03  +0.96 || 300      Gyro:  +59.02   -6.45   -0.03 || 300
Accel:  +0.52  -0.06  +0.91 || 305      Gyro:  +97.82  +23.33   +0.24 || 305
Accel:  +0.61  +0.07  +0.94 || 310      Gyro:  +87.15   +4.85   +6.63 || 310
Accel:  +0.56  +0.05  +0.94 || 315      Gyro: +152.81  +33.27  +14.11 || 315
Accel:  +0.49  +0.08  +0.70 || 320      Gyro: +248.66  +61.44  +44.45 || 320
Accel:  +0.68  +0.28  +0.19 || 325      Gyro: +250.13  +36.08  +77.46 || 325
Accel:  +0.26  +0.16  -0.46 || 330      Gyro: +250.13  -56.68  +23.71 || 330
Accel:  +0.71  +1.78  +0.87 || 335      Gyro: +250.13 -118.26  +38.34 || 335
Accel:  +0.72  +1.41  -0.36 || 340      Gyro: +241.04  -52.37  -22.99 || 340
Accel:  +0.96  +0.99  -1.22 || 345      Gyro: +174.27  -46.41  -15.56 || 345
Accel:  +0.67  +0.95  -0.54 || 350      Gyro:  +80.93  +23.90  -11.33 || 350
Accel:  +0.62  +1.10  -0.29 || 355      Gyro:   +7.21  +19.64  +11.47 || 355
Accel:  +0.55  +0.84  -0.49 || 360      Gyro:  -54.46  +57.25   +2.73 || 360
Accel:  +0.65  +1.13  -0.18 || 365      Gyro:  -32.05  +18.23   -1.05 || 365
Accel:  +0.55  +1.48  +0.06 || 370      Gyro: -236.34   -7.34   -8.19 || 370
Accel:  +0.64  +1.29  +0.43 || 375      Gyro: -250.14  +14.37  -56.66 || 375
Accel:  +0.17  +1.11  +0.74 || 380      Gyro: -250.14  -73.08  -37.66 || 380
Accel:  +0.72  +0.37  +0.28 || 385      Gyro: -198.02   -1.36   +6.32 || 385
Accel:  +0.55  +0.20  +0.54 || 390      Gyro: -118.17   -8.97  +20.96 || 390
Accel:  +0.49  -0.09  +0.71 || 395      Gyro:  -20.85  +14.72  -48.74 || 395