Accel:  +0.64  -0.00  +1.00 || 0        Gyro:  +61.11   +1.98  +17.16 || 0
Accel:  +0.68  +0.00  +0.99 || 5        Gyro:  +58.66   -4.28  +12.62 || 5
Accel:  +0.69  +0.00  +0.96 || 10       Gyro:  +55.51   +4.24  +12.46 || 10
Accel:  +0.63  +0.03  +0.98 || 15       Gyro:  +48.94  +10.01   -1.98 || 15
Accel:  +0.63  +0.00  +0.95 || 20       Gyro:  +52.68   -1.64   +1.58 || 20
Accel:  +0.63  +0.04  +0.97 || 25       Gyro:  +48.97   +9.11   +8.54 || 25
Accel:  +0.63  +0.05  +0.97 || 30       Gyro:  +54.71   +2.98  +10.92 || 30
Accel:  +0.65  +0.02  +0.93 || 35       Gyro:  +47.98   +5.86   -5.21 || 35
Accel:  +0.60  +0.00  +0.95 || 40       Gyro:  +55.85   +8.24   +3.92 || 40
Accel:  +0.62  +0.02  +0.96 || 45       Gyro:  +54.44   -2.36   +3.76 || 45
Accel:  +0.63  +0.01  +0.94 || 50       Gyro:  +56.33   +3.67   +4.98 || 50
Accel:  +0.64  +0.07  +0.99 || 55       Gyro:  +58.53   +1.99   +6.21 || 55
Accel:  +0.65  +0.06  +0.96 || 60       Gyro:  +65.25   -2.35  +10.65 || 60
Accel:  +0.60  +0.10  +1.01 || 65       Gyro:  +69.40   +0.94   +7.29 || 65
Accel:  +0.61  +0.08  +0.95 || 70       Gyro: +130.39   -1.98  +23.06 || 70
Accel:  +0.63  +0.20  +0.98 || 75       Gyro:  +96.56   +7.91   +9.75 || 75
Accel:  +0.63  +0.17  +0.93 || 80       Gyro:  +71.30   +5.89  +12.85 || 80
Accel:  +0.63  +0.20  +0.92 || 85       Gyro:  +58.61   +7.82   +0.21 || 85
Accel:  +0.58  +0.16  +0.88 || 90       Gyro:  +77.05  +10.62   +5.01 || 90
Accel:  +0.58  +0.21  +0.92 || 95       Gyro:  +77.14   -1.73   +3.64 || 95
Accel:  +0.68  +0.30  +0.92 || 100      Gyro: +104.85   +1.80  +28.90 || 100
Accel:  +0.58  +0.28  +0.90 || 105      Gyro:  +91.90   +8.00  +13.05 || 105
Accel:  +0.55  +0.39  +0.93 || 110      Gyro: +100.81   +4.93  +15.53 || 110
Accel:  +0.55  +0.37  +0.84 || 115      Gyro: +113.90   -4.95   -7.21 || 115
Accel:  +0.57  +0.39  +0.82 || 120      Gyro: +125.15   +0.80  +17.48 || 120
Accel:  +0.61  +0.46  +0.76 || 125      Gyro: +134.70  -14.47  -20.63 || 125
Accel:  +0.67  +0.66  +0.81 || 130      Gyro: +156.02  +12.50  +20.53 || 130
Accel:  +0.49  +0.38  +0.54 || 135      Gyro: +166.96   -3.67  -11.74 || 135
Accel:  +0.79  +0.89  +0.65 || 140      Gyro: +179.40  +24.48  +28.93 || 140
Accel:  +0.34  +0.75  +0.43 || 145      Gyro: +211.58   -6.76  +26.15 || 145
Accel:  +0.83  +1.15  +0.41 || 150      Gyro: +177.08  +31.52  -67.28 || 150
Accel:  +0.43  +0.94  +0.34 || 155      Gyro: +150.82  +17.90  +12.82 || 155
Accel:  +0.63  +0.96  +0.19 || 160      Gyro: +142.22  +24.79  -48.63 || 160
Accel:  +0.53  +1.06  +0.22 || 165      Gyro: +105.08  +24.34   +2.82 || 165
Accel:  +0.57  +0.99  +0.12 || 170      Gyro: +109.85  +22.97  -18.66 || 170
Accel:  +0.45  +0.94  +0.04 || 175      Gyro: +104.22   +8.44  -11.84 || 175
Accel:  +0.56  +1.13  +0.09 || 180      Gyro:  +82.03   +5.70   -2.52 || 180
Accel:  +0.50  +1.02  +0.04 || 185      Gyro:  +92.78  +10.59  -14.73 || 185
Accel:  +0.46  +1.15  +0.09 || 190      Gyro:  +79.99  -24.15  +58.07 || 190
Accel:  +0.46  +0.99  -0.08 || 195      Gyro:  +56.03   -6.76  +14.33 || 195
Accel:  +0.50  +1.00  -0.04 || 200      Gyro:  +52.76   -0.26  +18.08 || 200
Accel:  +0.48  +0.99  -0.08 || 205      Gyro:  +48.56   +0.18   +8.38 || 205
Accel:  +0.55  +1.01  -0.05 || 210      Gyro:  +45.34   +1.73   +6.13 || 210
Accel:  +0.52  +1.01  -0.05 || 215      Gyro:  +38.89   +1.52   -8.90 || 215
Accel:  +0.49  +0.99  -0.03 || 220      Gyro:  +50.12   +0.12   +5.37 || 220
Accel:  +0.50  +1.00  -0.05 || 225      Gyro:  +44.12   +3.08   -4.36 || 225
Accel:  +0.54  +1.00  -0.05 || 230      Gyro:  +47.74   +1.57   +4.05 || 230
Accel:  +0.52  +1.02  -0.04 || 235      Gyro:  +37.40   +6.94  -19.83 || 235
Accel:  +0.46  +1.07  -0.01 || 240      Gyro:  +21.67   -3.54  -14.84 || 240
Accel:  +0.49  +1.08  -0.02 || 245      Gyro:  +11.79  -14.51  -13.47 || 245
Accel:  +0.47  +1.09  +0.01 || 250      Gyro:   +2.15  -17.39  -13.81 || 250
Accel:  +0.45  +1.05  +0.07 || 255      Gyro:  -36.66  -17.53  -11.43 || 255
Accel:  +0.49  +1.11  +0.19 || 260      Gyro:  -72.32  -15.50   -5.93 || 260
Accel:  +0.32  +0.81  +0.24 || 265      Gyro: -101.89  -22.71  +34.12 || 265
Accel:  +0.43  +0.70  +0.26 || 270      Gyro: -172.67  +28.35 +181.73 || 270
Accel:  +0.66  +0.74  +0.61 || 275      Gyro:  -44.74  -13.24   +7.34 || 275
Accel:  +0.76  +0.73  +0.56 || 280      Gyro:  -75.98   -9.53  -79.06 || 280
Accel:  +0.69  +0.76  +0.84 || 285      Gyro:  -53.03   -1.01  -52.29 || 285
Accel:  +0.76  +0.42  +0.46 || 290      Gyro:  -44.48   -5.41  -35.99 || 290
Accel:  +0.65  +0.64  +0.96 || 295      Gyro:  -68.44   +7.56   +6.82 || 295
Accel:  +0.62  +0.34  +0.78 || 300      Gyro:  -51.27  +19.90  -36.72 || 300
Accel:  +0.66  +0.30  +0.89 || 305      Gyro:  -32.85  +11.55  -11.38 || 305
Accel:  +0.50  +0.34  +0.96 || 310      Gyro:  -22.69  +19.43  -48.10 || 310
Accel:  +0.59  +0.02  +0.79 || 315      Gyro:  -18.84  -12.86  -46.61 || 315
Accel:  +0.57  +0.02  +0.86 || 320      Gyro:  -20.73   +7.02  -16.53 || 320
Accel:  +0.51  +0.14  +1.09 || 325      Gyro:  +34.18  +12.85   -7.80 || 325
Accel:  +0.57  +0.02  +0.96 || 330      Gyro:  +33.87   -9.99   +3.90 || 330
Accel:  +0.49  +0.26  +1.16 || 335      Gyro:  +40.91  -13.18   +8.59 || 335
Accel:  +0.71  +0.06  +0.93 || 340      Gyro:  +43.85   -4.88   -3.84 || 340
Accel:  +0.65  +0.13  +0.97 || 345      Gyro:  +47.77   -1.49   +7.17 || 345
Accel:  +0.58  +0.09  +0.94 || 350      Gyro:  +59.02  +12.52   +3.56 || 350
Accel:  +0.49  +0.13  +0.97 || 355      Gyro:  +45.92   -0.32   +6.57 || 355
Accel:  +0.56  +0.07  +0.91 || 360      Gyro:  +59.57   +9.78   +7.42 || 360
Accel:  +0.51  +0.20  +1.03 || 365      Gyro:  +49.48   -7.18   +8.24 || 365
Accel:  +0.60  +0.11  +0.93 || 370      Gyro:  +52.71   +0.16   -0.93 || 370
Accel:  +0.50  +0.17  +1.02 || 375      Gyro:  +50.60  -11.26  +12.68 || 375
Accel:  +0.63  +0.15  +0.96 || 380      Gyro:  +54.18   -3.37   +5.50 || 380
Accel:  +0.55  +0.15  +0.98 || 385      Gyro:  +45.90   -5.59   +4.25 || 385
Accel:  +0.63  +0.15  +0.97 || 390      Gyro:  +46.88   -0.84   +0.84 || 390
Accel:  +0.57  +0.12  +0.98 || 395      Gyro:  +42.40   -2.15   +8.18 || 395