Accel:  +0.62  -0.13  +1.01 || 0        Gyro:  +54.80  +10.01   -0.10 || 0
Accel:  +0.67  -0.16  +0.94 || 5        Gyro:  +60.00   +2.05   -2.65 || 5
Accel:  +0.66  -0.12  +1.00 || 10       Gyro:  +60.09   +7.25   -0.41 || 10
Accel:  +0.58  -0.15  +0.94 || 15       Gyro:  +62.60   +0.52  -12.47 || 15
Accel:  +0.62  -0.08  +0.99 || 20       Gyro:  +73.80   -5.48   -7.39 || 20
Accel:  +0.67  -0.09  +0.89 || 25       Gyro:  +62.14  -11.31   +2.05 || 25
Accel:  +0.71  -0.00  +1.00 || 30       Gyro:  +75.01   -3.08  -11.96 || 30
Accel:  +0.66  -0.10  +0.92 || 35       Gyro:  +64.53   -3.51   -6.35 || 35
Accel:  +0.71  -0.05  +0.97 || 40       Gyro:  +85.80   +2.84   -0.08 || 40
Accel:  +0.57  -0.07  +1.00 || 45       Gyro: +115.43  +10.88   -9.79 || 45
Accel:  +0.61  -0.05  +0.84 || 50       Gyro: +115.90  +17.49   -4.83 || 50
Accel:  +0.46  +0.16  +0.96 || 55       Gyro: +174.55  +20.03   -7.15 || 55
Accel:  +0.70  +0.41  +0.99 || 60       Gyro: +101.40  -31.30   -7.16 || 60
Accel:  +0.60  +0.18  +0.83 || 65       Gyro: +133.73  -12.83  -34.54 || 65
Accel:  +0.68  +0.39  +0.84 || 70       Gyro: +142.98   -9.11   -7.85 || 70
Accel:  +0.65  +0.26  +0.55 || 75       Gyro: +208.95  +28.13  -18.17 || 75
Accel:  +0.62  +0.75  +0.81 || 80       Gyro: +205.25   -2.05  +37.16 || 80
Accel:  +0.52  +0.54  +0.41 || 85       Gyro: +231.19  +22.42  -21.31 || 85
Accel:  +1.00  +1.23  +0.71 || 90       Gyro: +195.14  +20.17  +44.36 || 90
Accel:  +0.36  +0.77  +0.34 || 95       Gyro: +156.15  -12.89  -25.11 || 95
Accel:  +0.92  +0.98  +0.26 || 100      Gyro: +185.76   +9.61   -7.01 || 100
Accel:  +0.60  +0.90  +0.09 || 105      Gyro: +184.58  +33.81  +61.67 || 105
Accel:  +0.37  +0.73  -0.07 || 110      Gyro: +232.92  -20.11  -18.53 || 110
Accel:  +0.89  +0.78  +0.33 || 115      Gyro: +132.94   +8.69  -97.86 || 115
Accel:  +0.58  +1.02  +0.13 || 120      Gyro:  +33.96  +23.97  -62.12 || 120
Accel:  +0.51  +0.99  +0.15 || 125      Gyro:  +68.95   -6.22  -16.24 || 125
Accel:  +0.54  +0.99  +0.13 || 130      Gyro:  +60.36   +0.67   +1.65 || 130
Accel:  +0.56  +0.99  +0.12 || 135      Gyro:  +46.34   -0.95   +7.61 || 135
Accel:  +0.54  +0.99  +0.14 || 140      Gyro:  +39.09   +0.49   +0.94 || 140
Accel:  +0.53  +0.98  +0.14 || 145      Gyro:  +49.73   -0.56   +1.86 || 145
Accel:  +0.56  +0.99  +0.12 || 150      Gyro:  +46.34   +0.66   -1.61 || 150
Accel:  +0.60  +1.05  +0.52 || 155      Gyro:   -1.05  +15.11  +39.49 || 155
Accel:  +0.58  +1.26  +0.09 || 160      Gyro:  -88.05  -12.13  -18.74 || 160
Accel:  +0.52  +1.22  +0.52 || 165      Gyro: -163.04  -47.60  +31.40 || 165
Accel:  +0.67  +1.09  +0.16 || 170      Gyro: -250.14   +9.76  +26.21 || 170
Accel:  +0.79  +0.69  +0.77 || 175      Gyro: -222.46  -14.65  +10.89 || 175
Accel:  +0.47  +0.62  +0.50 || 180      Gyro: -216.56   -3.95  -27.79 || 180
Accel:  +0.63  +0.17  +0.65 || 185      Gyro: -161.24  -16.47  -54.89 || 185
Accel:  +0.61  +0.03  +0.80 || 190      Gyro:  -28.02  -13.61  -22.17 || 190
Accel:  +0.63  +0.00  +0.87 || 195      Gyro:  -20.79  -39.53   +1.89 || 195
Accel:  +0.66  -0.10  +1.04 || 200      Gyro:  +11.31   -2.33   -7.84 || 200
Accel:  +0.65  -0.14  +0.94 || 205      Gyro:  +34.60   -1.59   -4.30 || 205
Accel:  +0.69  -0.02  +1.12 || 210      Gyro:  +41.19  -14.98  +15.34 || 210
Accel:  +0.67  -0.14  +0.92 || 215      Gyro:  +69.40  +25.34   -7.08 || 215
Accel:  +0.69  -0.05  +0.97 || 220      Gyro:  +93.98  +11.37  +16.26 || 220
Accel:  +0.59  -0.03  +0.92 || 225      Gyro: +105.80  +26.48   -0.06 || 225
Accel:  +0.50  +0.08  +0.86 || 230      Gyro: +168.70  +14.94   -8.73 || 230
Accel:  +0.54  +0.10  +0.67 || 235      Gyro: +250.13  -40.21  -28.49 || 235
Accel:  +0.70  +0.69  +0.55 || 240      Gyro: +250.13  +91.12  +44.92 || 240
Accel:  +0.68  +0.93  +0.80 || 245      Gyro: +250.13   -7.50  +79.66 || 245
Accel:  +0.49  +0.69  +0.34 || 250      Gyro: +250.13  +22.10  +21.27 || 250
Accel:  +0.61  +0.98  +0.35 || 255      Gyro: +238.58  +31.46  -14.91 || 255
Accel:  +0.62  +0.95  +0.14 || 260      Gyro: +217.87  +46.11   +9.93 || 260
Accel:  +0.55  +1.19  +0.13 || 265      Gyro: +210.17  +21.21  -79.71 || 265
Accel:  +0.60  +0.93  +0.18 || 270      Gyro:  +47.00  -41.31  -16.11 || 270
Accel:  +0.69  +0.96  +0.23 || 275      Gyro:  +33.53  +21.51   +2.45 || 275
Accel:  +0.55  +1.01  +0.00 || 280      Gyro:  -21.19   +7.01   +0.27 || 280
Accel:  +0.70  +1.08  +0.31 || 285      Gyro: +104.25   +0.44   +1.78 || 285
Accel:  +0.54  +1.37  +0.01 || 290      Gyro:  -80.01  -98.49   +6.15 || 290
Accel:  +0.56  +0.70  +0.13 || 295      Gyro:  -66.23  -31.53  -13.58 || 295
Accel:  +0.36  +1.04  +0.03 || 300      Gyro: -117.86  -62.66  +48.12 || 300
Accel:  +0.70  +0.70  +0.52 || 305      Gyro:  -88.50   +7.18  -11.27 || 305
Accel:  +0.37  +0.74  +0.48 || 310      Gyro: -194.82  -25.73  +61.88 || 310
Accel:  +0.70  +0.59  +0.70 || 315      Gyro: -121.25   +1.10  +19.89 || 315
Accel:  +0.45  +0.29  +0.56 || 320      Gyro: -136.23  -12.69   -2.30 || 320
Accel:  +0.67  +0.31  +0.82 || 325      Gyro:  -73.56  +14.31   -9.34 || 325
Accel:  +0.61  +0.37  +1.04 || 330      Gyro:  -75.47   -5.76  -12.55 || 330
Accel:  +0.71  -0.07  +0.83 || 335      Gyro:   +4.30   +5.06  -47.24 || 335
Accel:  +0.52  +0.11  +1.11 || 340      Gyro:   -9.44   -3.06  +14.97 || 340
Accel:  +0.65  -0.03  +0.94 || 345      Gyro:  +43.11  -18.21   +1.26 || 345
Accel:  +0.58  +0.16  +1.05 || 350      Gyro:  +31.34   -9.68  +32.50 || 350
Accel:  +0.76  +0.10  +0.90 || 355      Gyro:  +59.26   -7.10   +4.82 || 355
Accel:  +0.61  +0.16  +0.98 || 360      Gyro:  +44.84   -6.50  +40.73 || 360
Accel:  +0.67  +0.10  +0.85 || 365      Gyro:  +63.79   +3.65   +0.01 || 365
Accel:  +0.60  +0.18  +0.99 || 370      Gyro:  +97.73   +7.30  +24.85 || 370
Accel:  +0.68  +0.21  +0.88 || 375      Gyro:  +36.33   +5.31   -4.30 || 375
Accel:  +0.64  +0.20  +1.00 || 380      Gyro:  +62.98   -4.79  +18.04 || 380
Accel:  +0.63  +0.10  +0.84 || 385      Gyro:  +40.71   +9.37  -30.85 || 385
Accel:  +0.61  +0.16  +1.00 || 390      Gyro:  +69.66   +1.51   -8.26 || 390
Accel:  +0.61  +0.15  +0.91 || 395      Gyro:  +44.18   -2.05   -3.11 || 395