Accel:  +0.52  -0.10  +0.99 || 0        Gyro:  +57.50   -4.75   +7.60 || 0
Accel:  +0.54  -0.09  +0.98 || 5        Gyro:  +54.21   +5.72   +0.60 || 5
Accel:  +0.55  -0.08  +0.98 || 10       Gyro:  +57.25   +0.30   -3.50 || 10
Accel:  +0.54  -0.11  +0.94 || 15       Gyro:  +57.24  +13.76   -3.53 || 15
Accel:  +0.55  -0.06  +0.97 || 20       Gyro:  +64.64   -1.93   +2.40 || 20
Accel:  +0.57  -0.04  +1.01 || 25       Gyro:  +51.88   +1.47   +1.69 || 25
Accel:  +0.54  -0.07  +1.00 || 30       Gyro:  +44.92   -4.20   +2.98 || 30
Accel:  +0.57  -0.08  +0.98 || 35       Gyro:  +50.58   +2.97   +2.25 || 35
Accel:  +0.49  -0.07  +1.00 || 40       Gyro:  +56.23   -4.25   -0.80 || 40
Accel:  +0.63  -0.07  +0.92 || 45       Gyro:  +66.52   +9.75   -3.31 || 45
Accel:  +0.52  -0.08  +0.95 || 50       Gyro:  +78.44   +1.53   +3.47 || 50
Accel:  +0.47  -0.09  +0.86 || 55       Gyro:  +88.58   +7.85  -10.99 || 55
Accel:  +0.46  +0.08  +1.00 || 60       Gyro: +113.05  +15.87  +11.23 || 60
Accel:  +0.46  +0.09  +0.91 || 65       Gyro:  +92.66  -16.33  -11.85 || 65
Accel:  +0.50  +0.07  +0.92 || 70       Gyro: +102.16  +11.40   -2.73 || 70
Accel:  +0.56  +0.19  +0.90 || 75       Gyro:  +93.67  -14.37  +19.13 || 75
Accel:  +0.50  +0.15  +0.89 || 80       Gyro: +127.75  +23.35  +10.93 || 80
Accel:  +0.49  +0.27  +0.87 || 85       Gyro: +113.67   +6.59  +15.76 || 85
Accel:  +0.48  +0.39  +0.87 || 90       Gyro: +129.17  +56.28  -14.98 || 90
Accel:  +0.41  +0.41  +0.88 || 95       Gyro: +123.14  -21.62  +23.15 || 95
Accel:  +0.47  +0.48  +0.85 || 100      Gyro: +156.07  +12.09  +18.44 || 100
Accel:  +0.48  +0.57  +0.75 || 105      Gyro: +117.05   +6.07  +46.79 || 105
Accel:  +0.49  +0.49  +0.67 || 110      Gyro: +159.95   -4.74  +14.99 || 110
Accel:  +0.61  +0.77  +0.75 || 115      Gyro: +125.33   -5.47  +33.41 || 115
Accel:  +0.54  +0.66  +0.56 || 120      Gyro: +127.95  +20.59   +8.24 || 120
Accel:  +0.62  +0.86  +0.62 || 125      Gyro: +124.94   -5.65  +28.31 || 125
Accel:  +0.53  +0.72  +0.47 || 130      Gyro: +114.52   -1.51  +20.84 || 130
Accel:  +0.60  +0.96  +0.58 || 135      Gyro: +104.11  +15.57  +24.85 || 135
Accel:  +0.53  +0.78  +0.38 || 140      Gyro: +112.12  -15.58   -3.21 || 140
Accel:  +0.58  +0.94  +0.48 || 145      Gyro: +102.73  +17.95  -10.11 || 145
Accel:  +0.56  +0.86  +0.32 || 150      Gyro: +104.98   -5.72  -30.47 || 150
Accel:  +0.55  +0.98  +0.29 || 155      Gyro:  +98.64  +26.20  -26.24 || 155
Accel:  +0.52  +0.98  +0.21 || 160      Gyro: +116.17  +22.64  -37.92 || 160
Accel:  +0.40  +1.03  +0.24 || 165      Gyro:  +91.27   +9.07   -5.02 || 165
Accel:  +0.52  +0.98  +0.17 || 170      Gyro:  +63.51  -16.73  +29.47 || 170
Accel:  +0.53  +0.87  +0.15 || 175      Gyro:  +78.06  +32.48  +27.41 || 175
Accel:  +0.45  +1.08  +0.16 || 180      Gyro:  +67.68  -38.29  +24.67 || 180
Accel:  +0.48  +0.98  +0.13 || 185      Gyro:  +67.38  -12.82   +6.21 || 185
Accel:  +0.52  +0.95  +0.10 || 190      Gyro:  +64.43   +2.09   +2.05 || 190
Accel:  +0.56  +1.01  +0.05 || 195      Gyro:  +52.11   -9.27   -2.95 || 195
Accel:  +0.51  +0.98  +0.14 || 200      Gyro:  +40.90   +8.47   +5.24 || 200
Accel:  +0.46  +1.03  +0.10 || 205      Gyro:  +13.95   +2.20   -3.98 || 205
Accel:  +0.56  +1.09  +0.18 || 210      Gyro:  +17.17   -1.68   +0.60 || 210
Accel:  +0.49  +1.10  +0.22 || 215      Gyro:  +23.31  -12.08  -38.99 || 215
Accel:  +0.40  +0.98  +0.18 || 220      Gyro:   -2.47  -10.02  +10.75 || 220
Accel:  +0.49  +1.01  +0.28 || 225      Gyro:  -11.66   +0.92   -7.74 || 225
Accel:  +0.51  +0.90  +0.28 || 230      Gyro:  -24.60   +5.50   -1.06 || 230
Accel:  +0.41  +0.93  +0.36 || 235      Gyro:   -3.39   +1.63   -0.46 || 235
Accel:  +0.57  +0.91  +0.35 || 240      Gyro:  -19.40   -6.84   -7.52 || 240
Accel:  +0.39  +0.84  +0.43 || 245      Gyro:   -9.41   -1.00   -5.38 || 245
Accel:  +0.57  +0.82  +0.41 || 250      Gyro:  -51.37   +3.41   -3.60 || 250
Accel:  +0.44  +0.84  +0.60 || 255      Gyro:   +0.56   -6.27   +4.83 || 255
Accel:  +0.54  +0.79  +0.59 || 260      Gyro:  -19.80   -5.08   +2.89 || 260
Accel:  +0.42  +0.72  +0.62 || 265      Gyro:  -20.56   -0.69   -4.76 || 265
Accel:  +0.55  +0.70  +0.71 || 270      Gyro:  -42.48   -6.89   -7.69 || 270
Accel:  +0.44  +0.59  +0.70 || 275      Gyro:   +0.28  -13.40   +3.05 || 275
Accel:  +0.55  +0.62  +0.77 || 280      Gyro:  -31.39   -2.89   -4.77 || 280
Accel:  +0.51  +0.53  +0.79 || 285      Gyro:   +3.02   -4.44   -6.73 || 285
Accel:  +0.51  +0.49  +0.76 || 290      Gyro:   -8.12   -4.92  -22.82 || 290
Accel:  +0.53  +0.48  +0.89 || 295      Gyro:   +3.93   -4.32   -5.37 || 295
Accel:  +0.47  +0.37  +0.79 || 300      Gyro:  -56.87   +7.29   -7.85 || 300
Accel:  +0.48  +0.31  +0.85 || 305      Gyro:   +1.76   -5.04   +2.15 || 305
Accel:  +0.44  +0.27  +0.87 || 310      Gyro:  -18.44  +28.82   +3.98 || 310
Accel:  +0.44  +0.23  +0.82 || 315      Gyro:   +9.47  +13.70   +2.31 || 315
Accel:  +0.42  +0.25  +0.99 || 320      Gyro:  +22.70  -11.39   -0.56 || 320
Accel:  +0.45  +0.19  +0.92 || 325      Gyro:  +14.45   +3.49  -16.71 || 325
Accel:  +0.34  +0.11  +0.96 || 330      Gyro:  +17.61  +13.91  -22.09 || 330
Accel:  +0.45  +0.07  +0.94 || 335      Gyro:  +28.95   +8.40  +12.30 || 335
Accel:  +0.45  +0.13  +0.98 || 340      Gyro:  +17.05   -0.28  +19.89 || 340
Accel:  +0.49  +0.11  +1.00 || 345      Gyro:  +35.56  -10.21   -7.95 || 345
Accel:  +0.43  +0.02  +0.87 || 350      Gyro:  +62.65   -5.62   -2.76 || 350
Accel:  +0.39  +0.11  +1.04 || 355      Gyro:  +26.89   +2.43   -9.05 || 355
Accel:  +0.50  +0.09  +0.99 || 360      Gyro:  +38.48  -25.32  +11.35 || 360
Accel:  +0.49  +0.13  +1.01 || 365      Gyro:  +28.53   +8.11   +2.10 || 365
Accel:  +0.49  +0.05  +0.88 || 370      Gyro:  +51.65   +8.02   +7.04 || 370
Accel:  +0.34  +0.10  +1.06 || 375      Gyro:  +36.23  +18.51   +9.90 || 375
Accel:  +0.40  +0.03  +0.92 || 380      Gyro:  +46.61  +11.76   -2.27 || 380
Accel:  +0.37  +0.09  +0.99 || 385      Gyro:  +59.63   +3.54   +9.72 || 385
Accel:  +0.44  +0.08  +0.95 || 390      Gyro:  +49.43   -3.20   -9.80 || 390
Accel:  +0.40  +0.07  +0.97 || 395      Gyro:  +55.20   -1.92   +0.05 || 395