Accel:  +0.63  -0.18  +0.91 || 0        Gyro:  +52.61  +22.37   +5.66 || 0
Accel:  +0.65  -0.28  +0.95 || 5        Gyro: +100.95   +1.18  +27.74 || 5
Accel:  +0.54  -0.12  +0.95 || 10       Gyro: +146.34  -13.53  +88.94 || 10
Accel:  +0.73  +0.04  +1.07 || 15       Gyro: +162.31   +6.42  +10.42 || 15
Accel:  +0.53  -0.18  +0.64 || 20       Gyro: +222.35  -34.80  -13.05 || 20
Accel:  +0.93  +0.38  +0.91 || 25       Gyro: +235.64  +16.15  +22.24 || 25
Accel:  +0.43  +0.31  +0.77 || 30       Gyro: +195.94  +17.00  +32.72 || 30
Accel:  +0.82  +0.71  +0.89 || 35       Gyro: +200.24  +46.56  -31.36 || 35
Accel:  +0.41  +0.43  +0.36 || 40       Gyro: +246.71  -20.03  +20.02 || 40
Accel:  +0.74  +1.05  +0.38 || 45       Gyro: +250.13  +91.38  -56.06 || 45
Accel:  +0.57  +1.15  +0.32 || 50       Gyro: +214.68  -13.03  +89.48 || 50
Accel:  +0.41  +0.76  -0.01 || 55       Gyro: +223.31   -7.80  -78.32 || 55
Accel:  +0.87  +1.30  +0.05 || 60       Gyro: +207.13  +67.65  +39.95 || 60
Accel:  +0.01  +2.00  +0.58 || 65       Gyro: +170.43 +142.56 -250.14 || 65
Accel:  +0.63  +0.96  -0.03 || 70       Gyro: +130.11  -78.76   +4.98 || 70
Accel:  +0.49  +0.97  -0.16 || 75       Gyro:  +66.77  -10.08  -16.25 || 75
Accel:  +0.57  +1.01  -0.21 || 80       Gyro:  +96.25   -9.90  -11.71 || 80
Accel:  +0.50  +0.99  -0.23 || 85       Gyro:  +26.09   +9.52   +2.85 || 85
Accel:  +0.51  +0.99  -0.19 || 90       Gyro:  +25.30   +4.03   +7.37 || 90
Accel:  +0.52  +1.00  -0.16 || 95       Gyro:   -3.05   +4.28   -4.90 || 95
Accel:  +0.52  +0.99  -0.12 || 100      Gyro:  +45.68   +2.92  +11.06 || 100
Accel:  +0.53  +1.00  -0.17 || 105      Gyro:  +26.56   +5.37   -1.44 || 105
Accel:  +0.49  +0.99  -0.14 || 110      Gyro:  -27.61  +40.57  +31.29 || 110
Accel:  +0.51  +0.99  -0.16 || 115      Gyro:  +28.11   +8.27   +9.50 || 115
Accel:  +0.50  +0.99  -0.15 || 120      Gyro:  +32.91   +2.02   +1.14 || 120
Accel:  +0.53  +0.99  -0.15 || 125      Gyro:   +6.74  +10.92   +9.83 || 125
Accel:  +0.54  +1.00  -0.16 || 130      Gyro:  -20.17 +117.16 +250.13 || 130
Accel:  +0.54  +1.00  -0.14 || 135      Gyro:   +2.98  +21.18 +196.76 || 135
Accel:  +0.50  +1.01  -0.15 || 140      Gyro:   +7.39   -2.53  +35.39 || 140
Accel:  +0.52  +1.04  -0.06 || 145      Gyro:   +6.39   +8.31 +102.42 || 145
Accel:  +0.54  +1.09  -0.06 || 150      Gyro:   +3.38  +44.64 +217.47 || 150
Accel:  +0.46  +1.03  -0.03 || 155      Gyro:   -5.98 +204.61 +250.13 || 155
Accel:  +0.61  +1.17  +0.12 || 160      Gyro:   -8.07 +210.31 +250.13 || 160
Accel:  +0.60  +1.04  +0.16 || 165      Gyro:  -10.22 +109.47 +193.43 || 165
Accel:  +0.70  +1.13  +0.22 || 170      Gyro:   -4.48   +4.17  -10.76 || 170
Accel:  +0.58  +0.76  +0.31 || 175      Gyro:   +1.82  +33.67  +97.73 || 175
Accel:  +0.52  +1.04  +0.70 || 180      Gyro: -198.87   -1.94   -7.72 || 180
Accel:  +0.79  +0.54  +0.46 || 185      Gyro: -159.80  +15.69   -2.93 || 185
Accel:  +0.69  +0.64  +0.59 || 190      Gyro: -199.00  -42.02  +49.15 || 190
Accel:  +0.60  +0.17  +0.82 || 195      Gyro: -104.82  +46.45  +56.60 || 195
Accel:  +0.28  -0.15  +0.90 || 200      Gyro:  -92.05  +31.53  -24.20 || 200
Accel:  +0.64  -0.20  +0.68 || 205      Gyro:  -94.03  +43.72  -84.75 || 205
Accel:  +0.53  -0.15  +1.02 || 210      Gyro:  -64.60  +23.91 -128.82 || 210
Accel:  +0.64  -0.36  +0.82 || 215      Gyro:  -45.79   -7.56   +7.54 || 215
Accel:  +0.64  -0.34  +0.95 || 220      Gyro:  -18.75  +14.05  -76.80 || 220
Accel:  +0.62  -0.35  +0.93 || 225      Gyro:   -2.18   -8.63  -85.83 || 225
Accel:  +0.62  -0.34  +0.99 || 230      Gyro:  +27.22  +32.72   +5.16 || 230
Accel:  +0.50  -0.36  +0.90 || 235      Gyro:  +50.63  +27.69   +9.88 || 235
Accel:  +0.71  -0.30  +1.15 || 240      Gyro:  +95.62   -2.89   +5.47 || 240
Accel:  +0.55  -0.27  +0.87 || 245      Gyro:  +76.64   +0.18   +3.51 || 245
Accel:  +0.56  -0.20  +1.00 || 250      Gyro:  +55.59   +1.34  +24.99 || 250
Accel:  +0.40  -0.08  +0.93 || 255      Gyro:  +96.60  +11.54 +100.28 || 255
Accel:  +0.56  -0.15  +1.06 || 260      Gyro:  +51.95   -4.50  +19.70 || 260
Accel:  +0.59  -0.15  +0.90 || 265      Gyro:  +75.47   -5.62   +8.89 || 265
Accel:  +0.58  -0.12  +1.06 || 270      Gyro:  +65.18   -1.19   +8.77 || 270
Accel:  +0.54  -0.15  +0.91 || 275      Gyro:  +57.67   -4.87   -1.60 || 275
Accel:  +0.51  -0.14  +0.98 || 280      Gyro:  +52.74   -8.47  +13.44 || 280
Accel:  +0.55  -0.15  +0.97 || 285      Gyro:  +54.98   +1.69  -18.55 || 285
Accel:  +0.58  -0.14  +0.90 || 290      Gyro:  +57.84   +2.98   +4.93 || 290
Accel:  +0.51  -0.12  +1.01 || 295      Gyro:  +44.87   +7.09   +8.82 || 295
Accel:  +0.49  -0.12  +0.95 || 300      Gyro:  +55.19   +5.76  +25.69 || 300
Accel:  +0.53  -0.12  +0.95 || 305      Gyro:  +48.73   +2.53  +11.27 || 305
Accel:  +0.49  -0.20  +0.90 || 310      Gyro:  +55.83   +9.44  -12.11 || 310
Accel:  +0.51  -0.12  +0.91 || 315      Gyro:  +59.11   +0.81   -4.20 || 315
Accel:  +0.51  -0.08  +1.00 || 320      Gyro:  +57.72   +0.34   +6.17 || 320
Accel:  +0.56  -0.09  +0.95 || 325      Gyro:  +67.89   +5.14  -22.75 || 325
Accel:  +0.57  -0.21  +0.96 || 330      Gyro: +101.80   -5.38  -20.67 || 330
Accel:  +0.49  -0.29  +0.95 || 335      Gyro: +163.50   +1.01  +10.98 || 335
Accel:  +0.46  -0.15  +0.71 || 340      Gyro: +168.42  -12.28 +133.91 || 340
Accel:  +0.92  +0.05  +0.79 || 345      Gyro: +250.13  +89.27 +250.13 || 345
Accel:  +0.41  +0.32  +0.61 || 350      Gyro: +250.13  -33.24 +140.53 || 350
Accel:  +0.69  +0.55  +0.66 || 355      Gyro: +250.13  -34.38 -103.85 || 355
Accel:  +0.25  +0.48  +0.51 || 360      Gyro: +250.13  -79.22 +250.13 || 360
Accel:  +1.11  +1.02  +0.23 || 365      Gyro: +250.13  -84.01  -60.60 || 365
Accel:  +1.07  +1.27  +0.06 || 370      Gyro: +185.41  -47.15  -24.05 || 370
Accel:  +0.72  +1.04  -0.05 || 375      Gyro:  -24.11  +23.91 +100.84 || 375
Accel:  +0.90  +0.98  +0.09 || 380      Gyro:   -0.61   -4.70   -5.30 || 380
Accel:  +0.83  +1.22  +0.19 || 385      Gyro:  -64.42   -2.31   +8.45 || 385
Accel:  +0.92  +1.01  +0.30 || 390      Gyro: -129.82  +36.15   +0.70 || 390
Accel:  +0.89  +1.00  +0.40 || 395      Gyro: -189.85  +42.16  -36.76 || 395