Accel:  +0.70  -0.19  +0.98 || 0        Gyro:  +38.56   -0.65  +10.76 || 0
Accel:  +0.71  -0.24  +0.89 || 5        Gyro:  +61.15   +2.78  -25.12 || 5
Accel:  +0.59  -0.27  +0.97 || 10       Gyro:  +68.21  +30.31  +36.71 || 10
Accel:  +0.56  -0.08  +0.99 || 15       Gyro:  +77.47   +7.68  -31.49 || 15
Accel:  +0.44  -0.13  +1.00 || 20       Gyro:  +81.43  -11.89  -33.99 || 20
Accel:  +0.61  -0.04  +1.02 || 25       Gyro:  +59.57  -12.82   +5.97 || 25
Accel:  +0.54  -0.08  +0.86 || 30       Gyro:  +56.91  -28.44   -6.33 || 30
Accel:  +0.64  -0.03  +0.96 || 35       Gyro:  +49.45   -3.50  -10.08 || 35
Accel:  +0.63  -0.11  +0.89 || 40       Gyro:  +50.84   +7.08   -7.96 || 40
Accel:  +0.63  -0.12  +0.94 || 45       Gyro:  +54.90  +11.50   -3.06 || 45
Accel:  +0.54  -0.15  +0.95 || 50       Gyro:  +69.34   -7.15   -2.17 || 50
Accel:  +0.64  -0.04  +1.09 || 55       Gyro:  +69.07  +25.23   +9.89 || 55
Accel:  +0.61  -0.09  +0.93 || 60       Gyro:  +87.01   +0.21   +1.19 || 60
Accel:  +0.61  -0.05  +1.03 || 65       Gyro: +108.88   +2.82  +38.57 || 65
Accel:  +0.54  +0.04  +0.94 || 70       Gyro: +125.44  -85.77  -22.46 || 70
Accel:  +0.60  +0.01  +0.83 || 75       Gyro: +174.62  -17.54  -16.97 || 75
Accel:  +0.78  +0.25  +0.92 || 80       Gyro: +182.62  +67.50  +80.03 || 80
Accel:  +0.51  +0.23  +0.82 || 85       Gyro: +199.26   -8.40   +3.92 || 85
Accel:  +0.84  +0.56  +0.67 || 90       Gyro: +250.13 +109.06  +11.40 || 90
Accel:  +0.57  +0.66  +0.46 || 95       Gyro: +250.13 +100.88  +87.52 || 95
Accel:  +0.58  +0.85  +0.41 || 100      Gyro: +250.13  +42.78  +20.18 || 100
Accel:  +0.83  +1.04  +0.22 || 105      Gyro: +250.13  -55.63  +54.24 || 105
Accel:  +0.44  +1.17  +0.02 || 110      Gyro: +208.79  -47.31  -15.26 || 110
Accel:  +1.77  +2.00  -1.50 || 115      Gyro: +222.13 -250.14 -250.14 || 115
Accel:  +0.19  +1.32  -0.11 || 120      Gyro: -127.09  -37.05 +104.64 || 120
Accel:  +0.80  +0.86  -0.34 || 125      Gyro:  +92.92   -2.85  -45.37 || 125
Accel:  +0.48  +1.02  +0.03 || 130      Gyro: +153.63  -13.76   +4.05 || 130
Accel:  +0.51  +1.01  -0.14 || 135      Gyro:  +19.23   +1.03   -0.44 || 135
Accel:  +0.51  +0.99  -0.09 || 140      Gyro:  -18.50   +4.41   +3.15 || 140
Accel:  +0.55  +0.98  +0.01 || 145      Gyro:  +23.88   +2.41   +3.02 || 145
Accel:  +0.52  +0.99  -0.04 || 150      Gyro: +120.60   -7.12   +2.09 || 150
Accel:  +0.50  +1.00  -0.16 || 155      Gyro:  +76.48   +0.16   -0.53 || 155
Accel:  +0.53  +1.00  -0.08 || 160      Gyro:  +44.78   +4.15   +0.32 || 160
Accel:  +0.51  +1.04  -0.17 || 165      Gyro:  -28.52   -1.25  +10.85 || 165
Accel:  +0.57  +1.12  +0.12 || 170      Gyro:   +3.12   +5.55   +2.74 || 170
Accel:  +0.49  +1.21  -0.09 || 175      Gyro:  -52.19  -41.23  +39.12 || 175
Accel:  +0.59  +1.19  +0.07 || 180      Gyro: -105.10  +13.66  +37.69 || 180
Accel:  +0.55  +1.06  +0.11 || 185      Gyro: -138.45  -33.77  +25.18 || 185
Accel:  +0.68  +1.00  +0.38 || 190      Gyro: -144.70  +64.26  +14.35 || 190
Accel:  +0.57  +0.92  +0.47 || 195      Gyro: -167.73  +34.39   +8.92 || 195
Accel:  +0.54  +1.79  +0.38 || 200      Gyro: -245.45  +45.12  -33.26 || 200
Accel:  +0.71  +0.42  +0.55 || 205      Gyro: -137.35  +66.73   +5.27 || 205
Accel:  +0.30  +0.29  +0.92 || 210      Gyro: -162.15  +18.11  -58.38 || 210
Accel:  +0.63  +0.08  +0.67 || 215      Gyro: -100.27  +16.76  -39.24 || 215
Accel:  +0.44  +0.05  +0.99 || 220      Gyro:  -67.06  +27.80  -52.64 || 220
Accel:  +0.46  -0.31  +0.70 || 225      Gyro:   +5.26  -11.46 -104.75 || 225
Accel:  +0.31  -0.24  +1.14 || 230      Gyro:  +41.58  -24.13  -20.18 || 230
Accel:  +0.52  -0.19  +0.98 || 235      Gyro:  +58.73   -9.45  -12.15 || 235
Accel:  +0.47  -0.22  +0.94 || 240      Gyro:  +72.08  -10.05  +22.12 || 240
Accel:  +0.50  +0.08  +1.16 || 245      Gyro:  +44.25   -4.99  +18.36 || 245
Accel:  +0.56  -0.07  +0.92 || 250      Gyro:  +65.93  -17.00   -0.66 || 250
Accel:  +0.42  +0.03  +0.99 || 255      Gyro:  +46.13  -22.39   +7.89 || 255
Accel:  +0.54  -0.03  +0.92 || 260      Gyro:  +60.39   +6.49  -22.54 || 260
Accel:  +0.41  +0.00  +0.99 || 265      Gyro:  +53.98   +0.05  +12.15 || 265
Accel:  +0.49  +0.02  +0.96 || 270      Gyro:  +60.08  +16.96   +2.82 || 270
Accel:  +0.45  +0.04  +0.94 || 275      Gyro:  +44.85   +1.43   -0.19 || 275
Accel:  +0.47  +0.04  +1.03 || 280      Gyro:  +40.40   +9.95  -13.18 || 280
Accel:  +0.46  -0.02  +0.97 || 285      Gyro:  +43.89   -5.27   -6.75 || 285
Accel:  +0.48  -0.01  +1.00 || 290      Gyro:  +48.52   +9.62   +3.24 || 290
Accel:  +0.49  -0.01  +0.95 || 295      Gyro:  +47.60   -5.63   -1.17 || 295
Accel:  +0.46  -0.01  +0.94 || 300      Gyro:  +55.36   -4.70   -1.51 || 300
Accel:  +0.44  +0.04  +1.00 || 305      Gyro:  +51.36   -3.30   +2.30 || 305
Accel:  +0.43  +0.02  +0.96 || 310      Gyro:  +43.79   -0.47   +4.54 || 310
Accel:  +0.45  +0.02  +0.97 || 315      Gyro:  +37.18  -22.75  +13.10 || 315
Accel:  +0.52  -0.05  +0.91 || 320      Gyro:  +47.68   -2.53  -10.74 || 320
Accel:  +0.50  -0.01  +0.99 || 325      Gyro:  +52.47   +8.51   +9.43 || 325
Accel:  +0.47  +0.01  +0.99 || 330      Gyro:  +44.41   -1.43   -8.95 || 330
Accel:  +0.46  +0.01  +1.04 || 335      Gyro:  +47.08   -3.84   +5.79 || 335
Accel:  +0.49  -0.01  +0.92 || 340      Gyro:  +48.83   -9.02   -7.99 || 340
Accel:  +0.48  -0.03  +0.96 || 345      Gyro:  +60.88   +0.08   +3.66 || 345
Accel:  +0.44  -0.03  +0.94 || 350      Gyro:  +49.79   +2.83   -2.64 || 350
Accel:  +0.51  -0.05  +1.00 || 355      Gyro:  +41.47   +1.02   -3.56 || 355
Accel:  +0.51  -0.03  +0.95 || 360      Gyro:  +46.25   +2.26   +7.06 || 360
Accel:  +0.44  +0.00  +0.96 || 365      Gyro:  +39.90   -3.82   -3.11 || 365
Accel:  +0.49  -0.05  +0.96 || 370      Gyro:  +48.04   -0.93   +5.60 || 370
Accel:  +0.47  -0.02  +0.98 || 375      Gyro:  +50.97   -1.55   +8.89 || 375
Accel:  +0.49  -0.03  +0.98 || 380      Gyro:  +50.73   +6.27   +1.71 || 380
Accel:  +0.52  -0.04  +0.95 || 385      Gyro:  +35.76   +4.41   -0.74 || 385
Accel:  +0.48  -0.25  +1.11 || 390      Gyro:  +15.10   +1.08   -0.94 || 390
Accel:  +0.49  +0.01  +0.96 || 395      Gyro:  +61.14   +2.17   +2.02 || 395