Accel:  +0.60  -0.25  +0.94 || 0        Gyro:  +76.89   +7.12   +4.82 || 0
Accel:  +0.67  -0.23  +0.82 || 5        Gyro: +104.01   +6.49   -2.47 || 5
Accel:  +0.62  -0.17  +0.81 || 10       Gyro: +156.07   +6.71  +10.84 || 10
Accel:  +0.67  +0.05  +1.10 || 15       Gyro:  +96.54   +9.06   -8.69 || 15
Accel:  +0.68  -0.10  +0.74 || 20       Gyro: +153.36   -1.01  +20.40 || 20
Accel:  +0.67  +0.07  +0.79 || 25       Gyro: +114.60   +6.73   -4.80 || 25
Accel:  +0.70  +0.19  +0.78 || 30       Gyro: +222.08  -11.56  +29.60 || 30
Accel:  +0.75  +0.27  +0.75 || 35       Gyro: +128.79   +5.93   -4.31 || 35
Accel:  +0.69  +0.40  +0.72 || 40       Gyro: +237.48   +0.17  +35.21 || 40
Accel:  +0.72  +0.50  +0.66 || 45       Gyro: +162.33   +7.15   +5.98 || 45
Accel:  +0.63  +0.71  +1.11 || 50       Gyro: +190.97  -37.56   +8.19 || 50
Accel:  +0.74  +0.64  +0.28 || 55       Gyro: +191.56  +56.52   +8.15 || 55
Accel:  +0.68  +0.81  +0.46 || 60       Gyro: +177.01  +18.92   -2.52 || 60
Accel:  +0.61  +0.95  +0.64 || 65       Gyro: +173.76  +26.85   -4.29 || 65
Accel:  +0.70  +0.99  +0.44 || 70       Gyro: +147.08  +17.44  -18.45 || 70
Accel:  +0.63  +1.05  +0.44 || 75       Gyro: +121.64   -2.05   +5.83 || 75
Accel:  +0.65  +0.96  +0.14 || 80       Gyro:  +98.76   -2.44   -6.85 || 80
Accel:  +0.60  +0.97  +0.31 || 85       Gyro:  +69.85  +16.93   +6.71 || 85
Accel:  +0.61  +0.92  +0.14 || 90       Gyro:  +73.79  -34.07   -5.21 || 90
Accel:  +0.66  +0.94  +0.25 || 95       Gyro:  +43.67   +3.25   +0.05 || 95
Accel:  +0.68  +0.94  +0.09 || 100      Gyro:  +37.82  -20.31   -4.97 || 100
Accel:  +0.64  +0.96  +0.28 || 105      Gyro:  +34.05   -8.76   -0.46 || 105
Accel:  +0.60  +1.08  +0.45 || 110      Gyro:  -93.82   +8.24  -21.42 || 110
Accel:  +0.61  +1.01  +0.48 || 115      Gyro: -128.24   -0.02  -15.82 || 115
Accel:  +0.66  +0.89  +0.66 || 120      Gyro: -206.86  +20.99  -20.12 || 120
Accel:  +0.72  +0.70  +0.41 || 125      Gyro: -158.01  +30.92  -13.92 || 125
Accel:  +0.52  +0.58  +0.87 || 130      Gyro: -103.51  +20.40  -15.41 || 130
Accel:  +0.57  +0.41  +0.75 || 135      Gyro:  -57.65  +12.33   -9.35 || 135
Accel:  +0.48  +0.36  +1.05 || 140      Gyro: -105.06  -14.95  -16.11 || 140
Accel:  +0.55  +0.20  +0.82 || 145      Gyro:  -91.38   -6.79  -22.25 || 145
Accel:  +0.59  +0.09  +0.82 || 150      Gyro:  -80.08  +27.86  -31.25 || 150
Accel:  +0.44  -0.06  +0.89 || 155      Gyro:  -43.42   -7.91   -8.69 || 155
Accel:  +0.51  -0.11  +0.96 || 160      Gyro:  -34.52   -5.16  -16.54 || 160
Accel:  +0.52  -0.20  +0.85 || 165      Gyro:  -14.69  -11.79   -8.20 || 165
Accel:  +0.59  -0.21  +0.94 || 170      Gyro:  -27.59   -3.56  -16.21 || 170
Accel:  +0.56  -0.32  +0.80 || 175      Gyro:   +8.23   +0.61   -1.07 || 175
Accel:  +0.61  -0.36  +0.73 || 180      Gyro:  +35.25   +7.75   -0.95 || 180
Accel:  +0.56  -0.35  +0.79 || 185      Gyro:  +57.89   +6.85   -1.29 || 185
Accel:  +0.54  -0.29  +0.92 || 190      Gyro:  +83.30   -9.53  +11.61 || 190
Accel:  +0.54  -0.26  +1.03 || 195      Gyro:  +66.50   +4.91   +0.21 || 195
Accel:  +0.54  -0.28  +0.86 || 200      Gyro:  +73.11   -6.47   +2.65 || 200
Accel:  +0.59  -0.20  +1.01 || 205      Gyro:  +52.25   -3.49   -9.26 || 205
Accel:  +0.57  -0.24  +0.91 || 210      Gyro:  +50.21   -2.25   +0.65 || 210
Accel:  +0.61  -0.21  +0.98 || 215      Gyro:  +46.85   -2.27   -3.34 || 215
Accel:  +0.60  -0.25  +0.86 || 220      Gyro:  +56.91   +1.53   +3.15 || 220
Accel:  +0.54  -0.21  +1.01 || 225      Gyro:  +49.21   -4.95   -1.53 || 225
Accel:  +0.57  -0.24  +0.90 || 230      Gyro:  +53.47   +1.37   +3.77 || 230
Accel:  +0.54  -0.20  +1.04 || 235      Gyro:  +45.85   -7.39   -2.34 || 235
Accel:  +0.55  -0.25  +0.89 || 240      Gyro:  +51.54   -1.62   +4.34 || 240
Accel:  +0.58  -0.21  +0.96 || 245      Gyro:  +49.92   -2.71   -0.92 || 245
Accel:  +0.58  -0.22  +0.89 || 250      Gyro:  +57.63   +2.10   +3.65 || 250
Accel:  +0.55  -0.20  +1.01 || 255      Gyro:  +56.97   +0.11   +3.91 || 255
Accel:  +0.58  -0.21  +0.91 || 260      Gyro:  +53.96   -6.29   +3.88 || 260
Accel:  +0.55  -0.18  +1.01 || 265      Gyro:  +49.48   -4.22   +0.95 || 265
Accel:  +0.58  -0.20  +0.94 || 270      Gyro:  +48.87   -3.34   +0.88 || 270
Accel:  +0.58  -0.18  +1.00 || 275      Gyro:  +55.47   +5.77   +1.69 || 275
Accel:  +0.56  -0.20  +0.94 || 280      Gyro:  +49.10   -3.43   +2.47 || 280
Accel:  +0.58  -0.18  +0.96 || 285      Gyro:  +41.34   -3.47   -1.33 || 285
Accel:  +0.58  -0.20  +0.93 || 290      Gyro:  +52.12   -0.22   +2.00 || 290
Accel:  +0.58  -0.19  +0.93 || 295      Gyro:  +48.87   -1.89   +1.73 || 295
Accel:  +0.60  -0.20  +0.92 || 300      Gyro:  +50.44   +0.66   +1.32 || 300
Accel:  +0.55  -0.19  +0.96 || 305      Gyro:  +48.31   +0.11   +1.22 || 305
Accel:  +0.57  -0.19  +0.94 || 310      Gyro:  +51.24   -0.69   +1.40 || 310
Accel:  +0.57  -0.18  +1.01 || 315      Gyro:  +50.83   -2.88   +2.10 || 315
Accel:  +0.57  -0.20  +0.93 || 320      Gyro:  +49.89   -1.61   +2.07 || 320
Accel:  +0.59  -0.18  +0.96 || 325      Gyro:  +43.95   -2.07   -1.01 || 325
Accel:  +0.58  -0.20  +0.91 || 330      Gyro:  +56.02   +1.69   +1.96 || 330
Accel:  +0.54  -0.16  +1.04 || 335      Gyro:  +44.24   -3.40   -0.05 || 335
Accel:  +0.60  -0.20  +0.87 || 340      Gyro:  +54.21   +5.50   +1.98 || 340
Accel:  +0.55  -0.17  +0.98 || 345      Gyro:  +46.73   -4.56   +1.37 || 345
Accel:  +0.59  -0.19  +0.90 || 350      Gyro:  +54.18   +0.47   +0.73 || 350
Accel:  +0.60  -0.16  +1.00 || 355      Gyro:  +50.65   -1.93   -0.11 || 355
Accel:  +0.60  -0.19  +0.90 || 360      Gyro:  +48.76   +1.62   +1.96 || 360
Accel:  +0.55  -0.16  +1.00 || 365      Gyro:  +49.12   -0.79   +1.08 || 365
Accel:  +0.58  -0.18  +0.94 || 370      Gyro:  +44.89   +0.77   -1.53 || 370
Accel:  +0.59  -0.16  +0.96 || 375      Gyro:  +46.01   +0.29   +0.25 || 375
Accel:  +0.57  -0.20  +0.87 || 380      Gyro:  +49.41   -1.23   +3.53 || 380
Accel:  +0.56  -0.17  +0.98 || 385      Gyro:  +48.31   +3.06   -0.07 || 385
Accel:  +0.58  -0.18  +0.92 || 390      Gyro:  +52.37   +3.92   -0.79 || 390
Accel:  +0.55  -0.15  +1.03 || 395      Gyro:  +44.45   -1.98   -0.92 || 395