Accel:  +0.53  -0.22  +0.92 || 0        Gyro:  +28.90  +12.47  -12.87 || 0
Accel:  +0.67  -0.24  +0.95 || 5        Gyro:  +30.42   +7.56  -22.89 || 5
Accel:  +0.57  -0.20  +0.98 || 10       Gyro:  +26.99   +4.00   -6.63 || 10
Accel:  +0.59  -0.25  +0.96 || 15       Gyro:  +32.95   +5.08  -10.63 || 15
Accel:  +0.61  -0.27  +0.97 || 20       Gyro:  +31.22  +19.87  -16.48 || 20
Accel:  +0.58  -0.31  +0.91 || 25       Gyro:  +47.34   -3.84   -6.82 || 25
Accel:  +0.60  -0.28  +0.93 || 30       Gyro:  +46.17  +17.03  -10.47 || 30
Accel:  +0.54  -0.32  +0.91 || 35       Gyro:  +54.48   +3.66   -6.50 || 35
Accel:  +0.57  -0.29  +0.92 || 40       Gyro:  +68.47  +16.73  -12.05 || 40
Accel:  +0.58  -0.31  +0.90 || 45       Gyro:  +70.12  +10.56   -1.35 || 45
Accel:  +0.52  -0.22  +0.97 || 50       Gyro:  +74.03   +5.50   +0.96 || 50
Accel:  +0.50  -0.28  +0.87 || 55       Gyro:  +68.05   -1.95   -2.31 || 55
Accel:  +0.53  -0.15  +1.02 || 60       Gyro:  +70.66  -15.75   +1.91 || 60
Accel:  +0.64  -0.27  +0.80 || 65       Gyro:  +88.15   -7.41  -13.39 || 65
Accel:  +0.51  -0.17  +0.98 || 70       Gyro: +136.97  -13.74  -19.66 || 70
Accel:  +0.56  -0.17  +0.78 || 75       Gyro: +220.84   +8.47   +0.63 || 75
Accel:  +0.47  +0.20  +1.08 || 80       Gyro: +158.04  -81.66   +2.17 || 80
Accel:  +0.88  +0.22  +0.79 || 85       Gyro: +244.63  +48.71 -107.95 || 85
Accel:  +0.58  +0.19  +0.66 || 90       Gyro: +250.00  -22.63  +57.77 || 90
Accel:  +0.64  +0.75  +0.74 || 95       Gyro: +250.13  +22.54  +12.72 || 95
Accel:  +0.51  +0.81  +0.48 || 100      Gyro: +244.72  -23.97  +15.53 || 100
Accel:  +0.84  +1.27  +0.56 || 105      Gyro: +250.13  +87.32   -4.14 || 105
Accel:  +0.47  +0.80  +0.15 || 110      Gyro: +178.28   -2.05   +0.22 || 110
Accel:  +0.65  +1.07  +0.12 || 115      Gyro: +164.16  +23.74  -40.46 || 115
Accel:  +0.58  +1.02  +0.14 || 120      Gyro: +118.84   -0.37   +5.79 || 120
Accel:  +0.54  +1.13  +0.17 || 125      Gyro:  +95.92  +30.44  -26.66 || 125
Accel:  +0.28  +0.96  -0.11 || 130      Gyro:  +65.05  +13.18  -21.51 || 130
Accel:  +0.57  +1.03  +0.08 || 135      Gyro:  +45.61  +12.48  +13.92 || 135
Accel:  +0.46  +0.90  -0.11 || 140      Gyro:  +40.15   +3.20  -13.53 || 140
Accel:  +0.57  +1.11  +0.11 || 145      Gyro:  +34.05   +2.82   -6.79 || 145
Accel:  +0.42  +1.01  +0.05 || 150      Gyro:   +8.82   -6.44   -3.21 || 150
Accel:  +0.52  +1.09  +0.16 || 155      Gyro:  -15.40   +2.10   -8.62 || 155
Accel:  +0.52  +1.01  +0.07 || 160      Gyro:  -20.84  -17.16  +18.16 || 160
Accel:  +0.61  +1.08  +0.32 || 165      Gyro:  -39.73   -3.31   -8.32 || 165
Accel:  +0.42  +0.91  +0.10 || 170      Gyro: -105.29  -11.75  +30.93 || 170
Accel:  +0.56  +0.98  +0.67 || 175      Gyro: -104.91  +29.09   -7.24 || 175
Accel:  +0.46  +0.75  +0.14 || 180      Gyro: -187.02  +42.21  -55.79 || 180
Accel:  +0.42  +0.91  +1.10 || 185      Gyro:  -87.53  -16.85  +33.08 || 185
Accel:  +0.68  +0.49  +0.29 || 190      Gyro: -186.69  +30.95 -108.87 || 190
Accel:  +0.01  +0.54  +1.23 || 195      Gyro: -155.37  -67.24  +28.66 || 195
Accel:  +0.73  +0.20  +0.87 || 200      Gyro: -159.87   +1.79   -0.47 || 200
Accel:  +0.52  +0.13  +0.98 || 205      Gyro: -175.10   -4.63  -48.91 || 205
Accel:  +0.56  -0.57  +0.42 || 210      Gyro:  -67.63  +11.50  -95.67 || 210
Accel:  +0.40  -0.25  +0.90 || 215      Gyro:  -11.36  -26.00  -15.63 || 215
Accel:  +0.53  -0.56  +0.73 || 220      Gyro:  +46.98   -6.72  -18.40 || 220
Accel:  +0.44  -0.30  +1.09 || 225      Gyro:  +63.73  -23.14   +7.79 || 225
Accel:  +0.58  -0.39  +0.90 || 230      Gyro:  +85.79   +9.54  +16.90 || 230
Accel:  +0.48  -0.11  +1.14 || 235      Gyro:  +73.40   +3.12  +37.89 || 235
Accel:  +0.55  -0.24  +0.93 || 240      Gyro:  +63.98   +3.50  +21.63 || 240
Accel:  +0.52  -0.16  +0.93 || 245      Gyro:  +55.47   -7.17   -3.30 || 245
Accel:  +0.48  -0.12  +0.97 || 250      Gyro:  +54.79   -1.44  +11.20 || 250
Accel:  +0.51  -0.21  +0.93 || 255      Gyro:  +52.20   +4.32   -2.18 || 255
Accel:  +0.47  -0.11  +0.99 || 260      Gyro:  +54.10   +5.05   +7.24 || 260
Accel:  +0.49  -0.20  +0.90 || 265      Gyro:  +57.64   +4.24   -1.20 || 265
Accel:  +0.49  -0.15  +0.98 || 270      Gyro:  +54.79   +9.21   -6.69 || 270
Accel:  +0.44  -0.24  +0.91 || 275      Gyro:  +55.63  +14.44   -5.66 || 275
Accel:  +0.39  -0.14  +1.02 || 280      Gyro:  +51.75   -4.34   +9.88 || 280
Accel:  +0.57  -0.15  +0.96 || 285      Gyro:  +49.82   +3.59  +17.85 || 285
Accel:  +0.50  -0.13  +0.97 || 290      Gyro:  +49.52   -3.02   +4.08 || 290
Accel:  +0.43  -0.15  +0.97 || 295      Gyro:  +54.85   -9.32   +8.99 || 295
Accel:  +0.51  -0.17  +0.91 || 300      Gyro:  +50.21   +1.18   +3.49 || 300
Accel:  +0.46  -0.15  +0.94 || 305      Gyro:  +47.50  +22.96   +6.45 || 305
Accel:  +0.44  -0.16  +0.95 || 310      Gyro:  +58.05  +15.68   +4.37 || 310
Accel:  +0.39  -0.10  +1.00 || 315      Gyro:  +54.99  +10.54  +22.25 || 315
Accel:  +0.58  -0.44  +0.86 || 320      Gyro:  +34.24  -10.19  +19.65 || 320
Accel:  +0.47  -0.17  +0.91 || 325      Gyro:  +36.04  -14.08  +26.79 || 325
Accel:  +0.45  -0.20  +0.95 || 330      Gyro:  +58.92   +5.44  +17.50 || 330
Accel:  +0.40  -0.13  +1.00 || 335      Gyro:  +93.67   +6.37   +3.98 || 335
Accel:  +0.43  -0.11  +0.93 || 340      Gyro:  +71.73   -1.27   +4.05 || 340
Accel:  +0.41  +0.02  +0.98 || 345      Gyro:  +54.44  -10.98   +7.69 || 345
Accel:  +0.43  -0.06  +0.96 || 350      Gyro:  +53.09   -4.70   +7.63 || 350
Accel:  +0.39  -0.11  +0.91 || 355      Gyro:  +54.85  -17.26  +10.21 || 355
Accel:  +0.44  -0.01  +0.95 || 360      Gyro:  +79.08   -3.82   +0.93 || 360
Accel:  +0.44  -0.04  +0.96 || 365      Gyro:  +53.21   -5.79   +9.98 || 365
Accel:  +0.48  +0.09  +1.07 || 370      Gyro:  +42.08  -17.53  +47.34 || 370
Accel:  +0.48  -0.06  +0.95 || 375      Gyro:  +45.66   +1.73  +10.13 || 375
Accel:  +0.46  -0.03  +0.96 || 380      Gyro:  +48.28   +0.85   +9.08 || 380
Accel:  +0.46  -0.03  +0.99 || 385      Gyro:  +51.69   -1.61   +0.40 || 385
Accel:  +0.47  -0.06  +0.95 || 390      Gyro:  +59.68   -0.69   -2.89 || 390
Accel:  +0.46  +0.06  +1.03 || 395      Gyro:  +53.96   -4.22   +5.03 || 395