Accel:  +0.74  -0.08  +0.99 || 0        Gyro:  +71.32  +11.11  +10.60 || 0
Accel:  +0.70  -0.09  +0.92 || 5        Gyro:  +76.26   +5.50   -0.74 || 5
Accel:  +0.68  -0.04  +1.01 || 10       Gyro:  +78.08   +5.02  +12.24 || 10
Accel:  +0.72  -0.01  +0.96 || 15       Gyro:  +65.76   +1.79   +6.15 || 15
Accel:  +0.69  -0.00  +0.98 || 20       Gyro:  +80.74   -1.91   -0.32 || 20
Accel:  +0.70  -0.03  +0.90 || 25       Gyro:  +84.18   +3.14   -2.22 || 25
Accel:  +0.69  +0.07  +1.00 || 30       Gyro: +104.98   +4.75   -8.23 || 30
Accel:  +0.71  +0.08  +0.93 || 35       Gyro:  +81.64  +14.09   -0.92 || 35
Accel:  +0.60  +0.17  +0.98 || 40       Gyro:  +72.46   +6.44  +19.46 || 40
Accel:  +0.72  +0.14  +0.93 || 45       Gyro:  +75.43   -0.08  +23.79 || 45
Accel:  +0.68  +0.16  +0.92 || 50       Gyro:  +78.53   +5.21   +2.35 || 50
Accel:  +0.63  +0.16  +0.86 || 55       Gyro:  +87.88  -11.85  -10.74 || 55
Accel:  +0.67  +0.25  +0.95 || 60       Gyro:  +95.68  -22.60   +1.03 || 60
Accel:  +0.78  +0.23  +0.91 || 65       Gyro: +126.81  -15.59   -3.37 || 65
Accel:  +0.69  +0.33  +0.95 || 70       Gyro: +140.96   +8.23  -22.90 || 70
Accel:  +0.70  +0.22  +0.63 || 75       Gyro: +184.61   -0.14   -0.70 || 75
Accel:  +0.67  +0.55  +0.72 || 80       Gyro: +237.53  -15.91 +104.45 || 80
Accel:  +0.79  +0.62  +0.37 || 85       Gyro: +250.13   -9.34  +13.98 || 85
Accel:  +0.89  +1.19  +0.64 || 90       Gyro: +209.50 +121.37   +6.31 || 90
Accel:  +0.73  +0.80  +0.20 || 95       Gyro: +250.13  +50.24  -58.26 || 95
Accel:  +0.60  +1.18  +0.28 || 100      Gyro: +170.31  +27.22   -0.02 || 100
Accel:  +0.65  +1.17  +0.11 || 105      Gyro: +146.98  -20.39  -62.95 || 105
Accel:  +0.58  +1.05  +0.05 || 110      Gyro:  +81.90  +17.09  -53.22 || 110
Accel:  +0.61  +1.02  -0.00 || 115      Gyro:  +73.81   +3.85  -22.22 || 115
Accel:  +0.54  +1.02  +0.05 || 120      Gyro:  +49.77   -6.90  -15.11 || 120
Accel:  +0.59  +1.06  +0.02 || 125      Gyro:  +69.52  +14.33   -9.82 || 125
Accel:  +0.49  +0.99  +0.01 || 130      Gyro:  +52.53  +18.12   +5.48 || 130
Accel:  +0.59  +1.03  +0.05 || 135      Gyro:  +60.48   -6.99  -19.47 || 135
Accel:  +0.50  +0.93  -0.02 || 140      Gyro:  +60.11  -14.79   +3.59 || 140
Accel:  +0.60  +1.10  -0.01 || 145      Gyro:  +44.45  -17.55   +6.56 || 145
Accel:  +0.53  +0.96  -0.03 || 150      Gyro:  +42.76  -16.16  +13.51 || 150
Accel:  +0.56  +0.99  +0.00 || 155      Gyro:  +33.92   -2.18   +3.24 || 155
Accel:  +0.56  +0.99  -0.01 || 160      Gyro:  +45.17   -4.30   -2.31 || 160
Accel:  +0.50  +0.98  +0.02 || 165      Gyro:  +40.05   -6.54   +4.85 || 165
Accel:  +0.57  +0.98  +0.01 || 170      Gyro:  +41.48  -14.64   +0.16 || 170
Accel:  +0.55  +1.01  +0.04 || 175      Gyro:  +35.92  -11.90  +32.99 || 175
Accel:  +0.58  +1.00  -0.00 || 180      Gyro:  +37.26  -14.05  +18.76 || 180
Accel:  +0.63  +1.09  +0.07 || 185      Gyro:  +26.44  -13.30   +4.60 || 185
Accel:  +0.59  +1.09  +0.09 || 190      Gyro:  -10.49  -10.63  +16.87 || 190
Accel:  +0.63  +1.12  +0.13 || 195      Gyro:   +2.15   -4.09   -6.41 || 195
Accel:  +0.65  +1.01  +0.19 || 200      Gyro:  -58.84  +14.97   +5.86 || 200
Accel:  +0.55  +1.00  +0.26 || 205      Gyro:  -83.65  +20.34  +43.94 || 205
Accel:  +0.74  +0.86  +0.34 || 210      Gyro: -134.00  -10.31  +28.06 || 210
Accel:  +0.67  +0.99  +0.61 || 215      Gyro: -117.77   +1.03  +11.34 || 215
Accel:  +0.58  +0.68  +0.52 || 220      Gyro: -179.24  +34.69  +39.58 || 220
Accel:  +0.61  +0.61  +0.81 || 225      Gyro:  -91.79  -11.42   -6.07 || 225
Accel:  +0.64  +0.39  +0.75 || 230      Gyro:  -69.99  -34.03  -27.26 || 230
Accel:  +0.74  +0.30  +0.86 || 235      Gyro: -165.79  +15.81  -73.15 || 235
Accel:  +0.62  +0.10  +0.83 || 240      Gyro:  -14.27  -12.55  -41.43 || 240
Accel:  +0.61  +0.12  +0.94 || 245      Gyro:  -18.63  -24.70  +20.89 || 245
Accel:  +0.67  +0.02  +0.80 || 250      Gyro:  +24.63   -6.86  -16.63 || 250
Accel:  +0.65  +0.03  +0.92 || 255      Gyro:  +34.22   -0.35  -13.09 || 255
Accel:  +0.60  +0.03  +0.98 || 260      Gyro:  +48.15  +24.75   -1.02 || 260
Accel:  +0.69  +0.07  +0.98 || 265      Gyro:  +33.92   +2.60  -38.31 || 265
Accel:  +0.62  +0.00  +1.01 || 270      Gyro:  +15.56  +12.21  -15.11 || 270
Accel:  +0.67  -0.04  +0.96 || 275      Gyro:  +32.88  -16.44  -29.90 || 275
Accel:  +0.57  -0.08  +0.90 || 280      Gyro:  +40.21  -10.41  +11.68 || 280
Accel:  +0.70  +0.01  +0.95 || 285      Gyro:  +47.94   -3.19   -3.81 || 285
Accel:  +0.56  +0.03  +1.02 || 290      Gyro:  +49.26   +0.18  +14.38 || 290
Accel:  +0.61  +0.02  +0.95 || 295      Gyro:  +45.85   +2.63   +1.97 || 295
Accel:  +0.65  +0.03  +0.96 || 300      Gyro:  +52.97   -9.56   +1.90 || 300
Accel:  +0.65  +0.02  +0.94 || 305      Gyro:  +41.63   +0.73   +8.52 || 305
Accel:  +0.63  +0.02  +0.93 || 310      Gyro:  +54.60   +6.21   +3.50 || 310
Accel:  +0.63  +0.04  +1.00 || 315      Gyro:  +43.53   -3.41   +8.26 || 315
Accel:  +0.61  +0.01  +0.98 || 320      Gyro:  +46.15   +6.31   +6.63 || 320
Accel:  +0.64  +0.03  +1.02 || 325      Gyro:  +41.81   -3.94   +7.88 || 325
Accel:  +0.66  +0.00  +0.94 || 330      Gyro:  +45.27   +0.40   +4.53 || 330
Accel:  +0.63  +0.03  +1.01 || 335      Gyro:  +41.19   +3.44   +5.70 || 335
Accel:  +0.67  +0.02  +0.97 || 340      Gyro:  +61.96  -17.92  -19.56 || 340
Accel:  +0.62  +0.00  +0.97 || 345      Gyro:  +53.56   -4.00   +3.08 || 345
Accel:  +0.66  +0.02  +0.94 || 350      Gyro:  +40.66   +3.11  +11.48 || 350
Accel:  +0.61  +0.01  +0.95 || 355      Gyro:  +53.48   -1.48   +3.28 || 355
Accel:  +0.65  +0.03  +1.00 || 360      Gyro:  +57.58   -3.91  -12.71 || 360
Accel:  +0.63  +0.03  +0.97 || 365      Gyro:  +53.61   -6.31   -6.33 || 365
Accel:  +0.61  +0.03  +0.98 || 370      Gyro:  +48.01   +3.89   +2.23 || 370
Accel:  +0.64  +0.03  +0.94 || 375      Gyro:  +46.18   +2.06   -2.27 || 375
Accel:  +0.62  +0.03  +0.95 || 380      Gyro:  +48.73   +1.02   +2.11 || 380
Accel:  +0.64  +0.03  +0.98 || 385      Gyro:  +45.22   -4.92   -6.75 || 385
Accel:  +0.67  +0.02  +0.94 || 390      Gyro:  +42.08   -4.73   +3.33 || 390
Accel:  +0.63  +0.02  +0.96 || 395      Gyro:  +44.18   +1.23   +1.58 || 395