Accel:  +0.56  -0.05  +0.96 || 0        Gyro:  +43.76   +6.60  -11.58 || 0
Accel:  +0.60  -0.03  +0.97 || 5        Gyro:  +42.60   -7.25   +1.95 || 5
Accel:  +0.59  -0.07  +0.94 || 10       Gyro:  +38.42   -5.01   -3.37 || 10
Accel:  +0.57  -0.02  +0.99 || 15       Gyro:  +45.33  -12.56   -0.60 || 15
Accel:  +0.65  -0.06  +0.99 || 20       Gyro:  +77.34  -28.92  +25.87 || 20
Accel:  +0.60  -0.04  +0.94 || 25       Gyro:  +68.21  -16.65   +9.79 || 25
Accel:  +0.68  -0.00  +1.06 || 30       Gyro:  +71.26   -0.94   +8.23 || 30
Accel:  +0.58  -0.04  +0.90 || 35       Gyro:  +44.30   +9.66  -12.60 || 35
Accel:  +0.56  -0.09  +0.93 || 40       Gyro: +107.34  -21.76   -9.56 || 40
Accel:  +0.59  -0.05  +0.91 || 45       Gyro:  +72.52  -27.50   -5.84 || 45
Accel:  +0.52  -0.53  +0.40 || 50       Gyro: +202.98   +9.23  -39.82 || 50
Accel:  +0.57  +0.99  +1.20 || 55       Gyro: +250.13  -34.45  +27.86 || 55
Accel:  +0.79  +0.29  +0.42 || 60       Gyro: +250.13   -0.38  -99.62 || 60
Accel:  +0.61  +1.07  +0.58 || 65       Gyro: +250.13  -51.80  +62.82 || 65
Accel:  +0.71  +0.87  +0.35 || 70       Gyro: +250.13   +4.73  -48.74 || 70
Accel:  +0.74  +1.18  +0.54 || 75       Gyro: +202.67  +12.60  +57.91 || 75
Accel:  +0.58  +0.89  -0.02 || 80       Gyro: +179.34  -14.70  -74.51 || 80
Accel:  +0.87  +1.20  +0.06 || 85       Gyro: +139.92   +8.66  +46.00 || 85
Accel:  +0.60  +1.15  -0.01 || 90       Gyro: +107.54   -4.98  -60.61 || 90
Accel:  +0.77  +1.14  -0.02 || 95       Gyro:  +57.47   +2.88  +22.60 || 95
Accel:  +0.57  +0.98  -0.04 || 100      Gyro:  +64.92   -4.39  -30.76 || 100
Accel:  +0.58  +1.09  -0.01 || 105      Gyro:  +22.52   +8.30  +34.57 || 105
Accel:  +0.73  +1.13  +0.08 || 110      Gyro:   +7.26   -3.39   -4.60 || 110
Accel:  +0.62  +1.12  -0.10 || 115      Gyro:  -37.72   +3.57  +26.50 || 115
Accel:  +0.77  +1.22  +0.32 || 120      Gyro:  -90.82   -2.66  +18.84 || 120
Accel:  +0.57  +1.05  +0.21 || 125      Gyro: -235.40  -30.97   +5.56 || 125
Accel:  +0.88  +0.95  +0.35 || 130      Gyro: -223.33  +31.57  +50.81 || 130
Accel:  +0.59  +0.77  +0.51 || 135      Gyro: -227.60  +20.38   -2.80 || 135
Accel:  +0.63  +0.75  +0.76 || 140      Gyro: -250.14 +109.41  +14.92 || 140
Accel:  +0.62  +0.06  +0.66 || 145      Gyro: -112.70  +41.11  +48.77 || 145
Accel:  +0.54  -0.34  +0.46 || 150      Gyro:  -93.73  +35.57  -33.37 || 150
Accel:  +0.47  -0.15  +0.98 || 155      Gyro:  -23.47  -20.05   -4.48 || 155
Accel:  +0.57  -0.28  +0.97 || 160      Gyro:  +19.85   +5.40   -8.58 || 160
Accel:  +0.61  -0.16  +1.02 || 165      Gyro:  +31.41  -11.31   +0.75 || 165
Accel:  +0.59  -0.20  +0.97 || 170      Gyro:  +68.31   -3.27   -0.60 || 170
Accel:  +0.59  -0.05  +0.98 || 175      Gyro:  +44.38  -14.47   +2.33 || 175
Accel:  +0.69  -0.08  +0.90 || 180      Gyro:  +72.43   -7.39   -0.69 || 180
Accel:  +0.62  -0.10  +0.90 || 185      Gyro:  +48.34   +4.06   +1.01 || 185
Accel:  +0.59  -0.08  +0.96 || 190      Gyro:  +55.06   -2.94   +3.12 || 190
Accel:  +0.63  -0.03  +0.99 || 195      Gyro:  +46.22   +0.47   -3.05 || 195
Accel:  +0.64  -0.08  +0.91 || 200      Gyro:  +64.17  -11.93   +4.29 || 200
Accel:  +0.62  +0.02  +1.02 || 205      Gyro:  +41.69   +0.28   -0.22 || 205
Accel:  +0.66  -0.09  +0.91 || 210      Gyro:  +56.69   -2.50   +3.97 || 210
Accel:  +0.64  -0.06  +0.95 || 215      Gyro:  +47.58   +4.44   +1.33 || 215
Accel:  +0.61  -0.05  +0.95 || 220      Gyro:  +56.98  -11.26  +11.24 || 220
Accel:  +0.69  +0.01  +0.99 || 225      Gyro:  +53.00   +1.14   -4.72 || 225
Accel:  +0.65  -0.04  +0.93 || 230      Gyro:  +46.66   -5.76   +6.07 || 230
Accel:  +0.68  -0.04  +0.95 || 235      Gyro:  +47.27   +7.11   -4.45 || 235
Accel:  +0.62  -0.07  +0.90 || 240      Gyro:  +52.63   -2.50   +3.89 || 240
Accel:  +0.62  -0.04  +0.94 || 245      Gyro:  +48.18  +10.79   -3.86 || 245
Accel:  +0.60  +0.00  +0.99 || 250      Gyro:  +48.31   -7.06   +9.23 || 250
Accel:  +0.63  -0.04  +0.95 || 255      Gyro:  +49.08   +5.34   -2.54 || 255
Accel:  +0.60  -0.04  +0.93 || 260      Gyro:  +49.98   -3.05   +2.50 || 260
Accel:  +0.63  +0.01  +0.97 || 265      Gyro:  +48.02   +4.76   -1.05 || 265
Accel:  +0.63  +0.01  +0.98 || 270      Gyro:  +50.37   -6.70   +4.53 || 270
Accel:  +0.62  -0.01  +0.99 || 275      Gyro:  +46.27   +7.24   -0.47 || 275
Accel:  +0.60  -0.04  +0.97 || 280      Gyro:  +47.44   -7.52   +2.67 || 280
Accel:  +0.63  -0.00  +0.97 || 285      Gyro:  +46.55   +2.51   -1.35 || 285
Accel:  +0.63  -0.02  +0.95 || 290      Gyro:  +50.27   +0.69   +0.58 || 290
Accel:  +0.63  -0.02  +0.96 || 295      Gyro:  +43.97   +3.27   -0.11 || 295
Accel:  +0.63  -0.03  +0.93 || 300      Gyro:  +51.66   +1.28   -0.02 || 300
Accel:  +0.61  -0.02  +0.94 || 305      Gyro:  +46.99   -2.85   +2.34 || 305
Accel:  +0.62  +0.01  +0.98 || 310      Gyro:  +49.36   -0.62   +2.59 || 310
Accel:  +0.62  -0.05  +0.93 || 315      Gyro:  +45.99   -1.68   -0.89 || 315
Accel:  +0.63  -0.01  +0.97 || 320      Gyro:  +49.12   +2.05   +1.48 || 320
Accel:  +0.61  -0.02  +0.95 || 325      Gyro:  +47.59   +1.31   -1.72 || 325
Accel:  +0.62  +0.01  +0.98 || 330      Gyro:  +49.37   -2.95   +2.47 || 330
Accel:  +0.62  -0.01  +0.94 || 335      Gyro:  +48.02   +2.00   -3.50 || 335
Accel:  +0.64  -0.03  +0.94 || 340      Gyro:  +45.04   -6.18   +2.22 || 340
Accel:  +0.62  -0.07  +0.93 || 345      Gyro:  +48.01   -0.28   +0.82 || 345
Accel:  +0.62  -0.02  +0.95 || 350      Gyro:  +53.43   -2.61   +2.82 || 350
Accel:  +0.64  +0.01  +0.98 || 355      Gyro:  +48.07   +3.04   -0.33 || 355
Accel:  +0.63  +0.00  +0.97 || 360      Gyro:  +45.35   -3.40   +2.44 || 360
Accel:  +0.65  -0.03  +0.96 || 365      Gyro:  +46.56   +0.30   +2.41 || 365
Accel:  +0.60  -0.07  +0.90 || 370      Gyro:  +47.41   +5.94   +1.72 || 370
Accel:  +0.60  -0.03  +0.94 || 375      Gyro:  +52.23   +2.82   -0.82 || 375
Accel:  +0.62  +0.01  +0.96 || 380      Gyro:  +46.14   -1.05   +0.31 || 380
Accel:  +0.63  -0.01  +0.97 || 385      Gyro:  +49.55   -4.04   +1.88 || 385
Accel:  +0.60  -0.02  +0.95 || 390      Gyro:  +49.50   -0.75   +2.93 || 390
Accel:  +0.62  -0.00  +0.98 || 395      Gyro:  +47.59   +0.49   -0.95 || 395