Accel:  +0.55  -0.18  +0.91 || 0        Gyro:  +21.32  +27.98  +18.82 || 0
Accel:  +0.50  -0.13  +1.02 || 5        Gyro:  +21.50  +19.15   +4.02 || 5
Accel:  +0.59  -0.16  +0.94 || 10       Gyro:  +32.44   +9.49   +5.98 || 10
Accel:  +0.51  -0.19  +0.95 || 15       Gyro:  +25.73   -8.20   +5.82 || 15
Accel:  +0.54  -0.29  +0.81 || 20       Gyro:  +40.45   +9.15   -8.47 || 20
Accel:  +0.58  -0.18  +1.08 || 25       Gyro:  +64.11   -4.67   +8.24 || 25
Accel:  +0.63  -0.24  +0.94 || 30       Gyro:  +58.40  +19.15   +9.34 || 30
Accel:  +0.42  -0.18  +1.00 || 35       Gyro:  +36.91  +11.37   +6.24 || 35
Accel:  +0.44  -0.26  +0.87 || 40       Gyro:  +61.29   +6.82   -3.62 || 40
Accel:  +0.54  -0.13  +1.03 || 45       Gyro:  +46.63   -0.70   +6.07 || 45
Accel:  +0.52  -0.16  +0.96 || 50       Gyro:  +45.34  +10.49  +10.41 || 50
Accel:  +0.47  -0.17  +0.96 || 55       Gyro:  +51.38  +16.18   +9.53 || 55
Accel:  +0.43  -0.16  +0.98 || 60       Gyro:  +41.52   -1.24   +2.21 || 60
Accel:  +0.52  -0.26  +0.83 || 65       Gyro:  +47.70  +13.66   -3.76 || 65
Accel:  +0.41  -0.23  +0.91 || 70       Gyro:  +56.21   +7.57   +2.29 || 70
Accel:  +0.44  -0.24  +0.90 || 75       Gyro:  +46.60  +14.05   -4.39 || 75
Accel:  +0.42  -0.18  +0.99 || 80       Gyro:  +66.53   +7.40   +8.34 || 80
Accel:  +0.46  -0.19  +0.93 || 85       Gyro:  +58.78  +22.63   -0.52 || 85
Accel:  +0.42  -0.21  +0.78 || 90       Gyro: +106.63   -2.21  +13.68 || 90
Accel:  +0.31  +0.02  +1.18 || 95       Gyro: +174.74  -69.24  +11.37 || 95
Accel:  +0.80  -0.09  +0.23 || 100      Gyro: +250.13  +38.66  +19.92 || 100
Accel:  +0.20  +0.36  +1.08 || 105      Gyro: +250.13  +18.69  +18.58 || 105
Accel:  +0.66  +0.52  +0.29 || 110      Gyro: +250.13  -11.31  +21.69 || 110
Accel:  +0.53  +1.01  +1.38 || 115      Gyro: +210.05  -67.31  +14.76 || 115
Accel:  +0.67  +0.80  +0.46 || 120      Gyro: +186.29  +53.66  +26.28 || 120
Accel:  +0.40  +0.81  +0.32 || 125      Gyro: +173.05  +54.59  -37.74 || 125
Accel:  +0.48  +0.94  +0.39 || 130      Gyro: +217.12  -22.11   -8.60 || 130
Accel:  +0.70  +0.77  -0.36 || 135      Gyro:  +64.33 -126.89  +13.67 || 135
Accel:  +0.60  +0.95  +0.09 || 140      Gyro:  +82.02  +14.76   +2.96 || 140
Accel:  +0.45  +0.97  +0.34 || 145      Gyro:  +60.38   -1.66  -14.59 || 145
Accel:  +0.46  +0.95  +0.23 || 150      Gyro:  +57.89  -16.82  -11.45 || 150
Accel:  +0.45  +0.93  +0.19 || 155      Gyro:  +49.01   +5.23  -12.67 || 155
Accel:  +0.47  +0.95  +0.19 || 160      Gyro:  +47.89  +28.56  -11.38 || 160
Accel:  +0.39  +0.97  +0.24 || 165      Gyro:  +45.97  +13.82  -10.29 || 165
Accel:  +0.37  +0.96  +0.28 || 170      Gyro:  +43.66   -9.44   -3.01 || 170
Accel:  +0.41  +0.96  +0.26 || 175      Gyro:  +47.35  -10.72   +7.10 || 175
Accel:  +0.43  +0.97  +0.26 || 180      Gyro:  +50.20   +4.08  +10.37 || 180
Accel:  +0.46  +0.92  +0.21 || 185      Gyro:  +44.69   -7.55  +11.95 || 185
Accel:  +0.49  +0.95  +0.18 || 190      Gyro:  +33.01   -4.19   +5.83 || 190
Accel:  +0.40  +0.97  +0.29 || 195      Gyro:  +26.30   -0.80   +8.75 || 195
Accel:  +0.46  +0.92  +0.40 || 200      Gyro:  -13.23   +6.30   +3.23 || 200
Accel:  +0.37  +0.95  +0.36 || 205      Gyro:  -16.33   +5.04   +3.36 || 205
Accel:  +0.45  +1.05  +0.54 || 210      Gyro:  -33.55  -18.94  +15.73 || 210
Accel:  +0.50  +0.91  +0.20 || 215      Gyro:  -76.21  +15.68  +26.15 || 215
Accel:  +0.34  +1.03  +0.96 || 220      Gyro:  -68.59  -56.34   -9.16 || 220
Accel:  +0.70  +0.74  +0.45 || 225      Gyro: -152.76   +6.50  -21.67 || 225
Accel:  +0.67  +0.72  +0.88 || 230      Gyro: -188.69   +1.54   +5.86 || 230
Accel:  +0.39  +0.37  +0.54 || 235      Gyro: -206.78   +2.44  -54.37 || 235
Accel:  +0.44  +0.36  +1.04 || 240      Gyro: -133.38  +17.99  -14.89 || 240
Accel:  +0.53  -0.12  +0.63 || 245      Gyro:  -71.08  +41.70  -25.24 || 245
Accel:  +0.26  -0.13  +1.00 || 250      Gyro:  -23.33   +5.66   +2.15 || 250
Accel:  +0.30  -0.24  +0.82 || 255      Gyro:  +26.08   -4.49  -11.85 || 255
Accel:  +0.45  -0.16  +0.96 || 260      Gyro:  +52.40  -16.13   -6.13 || 260
Accel:  +0.43  -0.07  +1.13 || 265      Gyro:  +54.14   +0.85   +5.52 || 265
Accel:  +0.46  -0.13  +0.91 || 270      Gyro:  +32.78   +2.79   -3.24 || 270
Accel:  +0.38  -0.07  +1.06 || 275      Gyro:  +82.29   -7.30  +12.15 || 275
Accel:  +0.49  -0.07  +0.82 || 280      Gyro:  +39.53   -6.08   +1.38 || 280
Accel:  +0.42  -0.12  +0.78 || 285      Gyro:  +94.78   +6.77  +15.33 || 285
Accel:  +0.41  -0.02  +1.02 || 290      Gyro:  +63.60  -10.60   +2.40 || 290
Accel:  +0.43  -0.10  +0.85 || 295      Gyro: +125.37  +10.60  +15.31 || 295
Accel:  +0.49  -0.04  +0.90 || 300      Gyro: +109.60   -9.80  +27.83 || 300
Accel:  +0.25  -0.01  +1.02 || 305      Gyro: +205.07  -66.56  +17.79 || 305
Accel:  +0.48  +0.21  +0.70 || 310      Gyro: +250.13   +0.62   +5.56 || 310
Accel:  +0.33  +0.58  +0.88 || 315      Gyro: +250.13  +67.08  +37.81 || 315
Accel:  +0.60  +0.80  +0.45 || 320      Gyro: +218.70 -150.84  +54.81 || 320
Accel:  +0.71  +0.82  +0.20 || 325      Gyro: +208.28  +15.11   -4.57 || 325
Accel:  +0.46  +0.95  +0.48 || 330      Gyro: +245.70  +63.21  -18.21 || 330
Accel:  +0.92  +0.87  -0.19 || 335      Gyro:  +92.98  -43.69  +19.00 || 335
Accel:  +0.37  +0.93  +0.19 || 340      Gyro:  +68.50  -34.54  -15.37 || 340
Accel:  +0.43  +0.90  +0.29 || 345      Gyro:  +68.97   +9.19   -4.35 || 345
Accel:  +0.34  +0.97  +0.29 || 350      Gyro:  +83.92  +46.73  -10.86 || 350
Accel:  +0.36  +0.93  +0.35 || 355      Gyro:  +48.69   -4.11   +5.53 || 355
Accel:  +0.37  +0.93  +0.34 || 360      Gyro:  +35.25  -15.05   +6.50 || 360
Accel:  +0.38  +0.95  +0.34 || 365      Gyro:  +24.34  -27.40   +8.21 || 365
Accel:  +0.42  +0.95  +0.37 || 370      Gyro:   +4.70  -22.66  +10.48 || 370
Accel:  +0.49  +0.96  +0.49 || 375      Gyro:  -52.40  -77.98  +10.21 || 375
Accel:  +0.43  +0.94  +0.53 || 380      Gyro:  -26.93  -15.05  +10.73 || 380
Accel:  +0.44  +1.18  +0.82 || 385      Gyro: -152.54   +1.63   -0.40 || 385
Accel:  +0.38  +0.94  +0.56 || 390      Gyro: -210.73  -49.98   -6.67 || 390
Accel:  +0.66  +0.72  +0.68 || 395      Gyro: -229.51  -33.37  -24.55 || 395