Accel:  +0.70  -0.11  +0.95 || 0        Gyro:  +46.13   -6.79   +7.12 || 0
Accel:  +0.72  -0.11  +0.94 || 5        Gyro:  +41.27   -1.95  +10.66 || 5
Accel:  +0.73  -0.11  +0.95 || 10       Gyro:  +33.54   -0.43   +1.69 || 10
Accel:  +0.71  -0.14  +0.93 || 15       Gyro:  +41.41   +0.90  +12.26 || 15
Accel:  +0.70  -0.15  +0.92 || 20       Gyro:  +45.76   -3.75  +14.25 || 20
Accel:  +0.69  -0.17  +0.93 || 25       Gyro:  +44.13   -2.81  +12.24 || 25
Accel:  +0.66  -0.18  +0.94 || 30       Gyro:  +54.61   +0.30   +6.85 || 30
Accel:  +0.68  -0.15  +0.99 || 35       Gyro:  +50.14   -0.28   -3.93 || 35
Accel:  +0.65  -0.16  +0.99 || 40       Gyro:  +54.49   +0.16   +4.68 || 40
Accel:  +0.67  -0.18  +0.95 || 45       Gyro:  +54.76   -6.40   -3.87 || 45
Accel:  +0.71  -0.14  +0.96 || 50       Gyro:  +54.63   +8.40   -0.95 || 50
Accel:  +0.65  -0.12  +0.97 || 55       Gyro:  +71.99  -11.53  +23.99 || 55
Accel:  +0.71  -0.13  +0.92 || 60       Gyro:  +69.31  -18.18   +0.90 || 60
Accel:  +0.66  -0.10  +0.92 || 65       Gyro: +146.15  -25.59   -0.53 || 65
Accel:  +0.80  +0.03  +0.96 || 70       Gyro: +108.56   +0.84  -26.70 || 70
Accel:  +0.77  +0.03  +0.95 || 75       Gyro:  +87.59  +11.49   -1.40 || 75
Accel:  +0.67  +0.06  +0.96 || 80       Gyro:  +97.84   -3.59  +10.03 || 80
Accel:  +0.72  +0.11  +0.94 || 85       Gyro:  +97.96   +8.78   +0.81 || 85
Accel:  +0.68  +0.08  +0.87 || 90       Gyro:  +73.54  +22.93   -6.62 || 90
Accel:  +0.67  +0.19  +0.94 || 95       Gyro: +116.61  -11.18   +8.60 || 95
Accel:  +0.71  +0.24  +0.88 || 100      Gyro: +117.35  +17.88  -15.65 || 100
Accel:  +0.71  +0.27  +0.85 || 105      Gyro: +110.80  +21.07  -21.63 || 105
Accel:  +0.65  +0.36  +0.80 || 110      Gyro: +182.31   -6.01  +14.50 || 110
Accel:  +0.76  +0.50  +0.78 || 115      Gyro: +155.27   +9.29  -22.24 || 115
Accel:  +0.60  +0.48  +0.66 || 120      Gyro: +204.63  -17.54  +21.51 || 120
Accel:  +0.67  +0.94  +0.75 || 125      Gyro: +159.93   +9.95  -98.78 || 125
Accel:  +0.55  +0.54  +0.51 || 130      Gyro: +216.57   +5.41  -66.24 || 130
Accel:  +0.50  +1.04  +0.46 || 135      Gyro: +170.56   +9.64   +3.18 || 135
Accel:  +0.52  +0.55  +0.22 || 140      Gyro: +217.87  +19.94  -53.74 || 140
Accel:  +0.39  +1.10  +0.20 || 145      Gyro: +225.27   +6.94  +33.53 || 145
Accel:  +0.59  +1.03  -0.16 || 150      Gyro: +243.19   +6.92  -30.93 || 150
Accel:  +0.42  +1.38  -0.13 || 155      Gyro: +172.75   +9.02  -68.69 || 155
Accel:  +0.49  +1.07  -0.14 || 160      Gyro: +111.59  -23.65  -68.31 || 160
Accel:  +0.37  +1.10  -0.25 || 165      Gyro:  +87.79   +0.81  -46.91 || 165
Accel:  +0.28  +0.88  -0.25 || 170      Gyro:  +75.60   -2.53  -30.85 || 170
Accel:  +0.25  +1.04  -0.25 || 175      Gyro:  +51.77   +0.45  -14.05 || 175
Accel:  +0.34  +0.95  -0.32 || 180      Gyro:  +54.36   +5.91   -2.45 || 180
Accel:  +0.22  +0.98  -0.27 || 185      Gyro:  +43.89   +0.10  +11.44 || 185
Accel:  +0.29  +0.95  -0.26 || 190      Gyro:  +44.50   +1.75   -3.73 || 190
Accel:  +0.31  +1.02  -0.27 || 195      Gyro:  +40.32   +0.11   +9.81 || 195
Accel:  +0.31  +0.91  -0.28 || 200      Gyro:  +50.24   +2.74  +16.76 || 200
Accel:  +0.28  +0.96  -0.25 || 205      Gyro:  +39.12   -2.43  +17.08 || 205
Accel:  +0.37  +0.96  -0.27 || 210      Gyro:  +27.67   +4.11   +9.85 || 210
Accel:  +0.29  +1.00  -0.24 || 215      Gyro:  +31.24  -14.22  +47.85 || 215
Accel:  +0.47  +1.19  -0.21 || 220      Gyro:  -38.49   +7.18  +41.61 || 220
Accel:  +0.41  +0.99  -0.15 || 225      Gyro:  -69.67   +0.92  +58.98 || 225
Accel:  +0.47  +1.14  +0.00 || 230      Gyro:  -74.94  -24.61  +61.99 || 230
Accel:  +0.58  +0.94  -0.01 || 235      Gyro: -102.33  -19.38  +44.80 || 235
Accel:  +0.52  +1.01  +0.28 || 240      Gyro: -101.55  -11.21  +38.92 || 240
Accel:  +0.61  +0.87  +0.32 || 245      Gyro: -154.26  -13.50  +22.13 || 245
Accel:  +0.64  +0.85  +0.56 || 250      Gyro: -212.21   +9.24  +24.24 || 250
Accel:  +0.60  +0.54  +0.50 || 255      Gyro: -165.84  -65.32 +108.63 || 255
Accel:  +0.73  +0.56  +0.80 || 260      Gyro: -108.53  -45.89  +91.51 || 260
Accel:  +0.79  +0.33  +0.82 || 265      Gyro: -109.95  -29.73  +50.92 || 265
Accel:  +0.79  +0.19  +0.84 || 270      Gyro:  -86.84  -14.59  +36.16 || 270
Accel:  +0.81  +0.09  +0.91 || 275      Gyro:  -54.79   +2.40  +10.80 || 275
Accel:  +0.80  +0.04  +0.97 || 280      Gyro:  -63.93  +24.29  +16.37 || 280
Accel:  +0.85  -0.13  +0.84 || 285      Gyro:  -38.95  +46.72  +13.47 || 285
Accel:  +0.70  -0.19  +0.93 || 290      Gyro:   +3.03  +12.06   +1.73 || 290
Accel:  +0.73  -0.26  +0.80 || 295      Gyro:  +37.71   -2.59  +13.11 || 295
Accel:  +0.75  -0.25  +0.95 || 300      Gyro:  +49.95   -9.43  -15.75 || 300
Accel:  +0.71  -0.30  +0.87 || 305      Gyro:  +56.94   +2.98  -28.48 || 305
Accel:  +0.78  -0.19  +1.01 || 310      Gyro:  +59.15  -15.85   +4.64 || 310
Accel:  +0.85  -0.13  +1.00 || 315      Gyro:  +48.42   +8.56   +0.60 || 315
Accel:  +0.70  -0.18  +0.95 || 320      Gyro:  +45.95   -8.74  +39.66 || 320
Accel:  +0.73  -0.21  +0.94 || 325      Gyro:  +18.66  -26.39  +36.35 || 325
Accel:  +0.85  -0.17  +0.95 || 330      Gyro:  +35.87   -9.41  -18.15 || 330
Accel:  +0.78  -0.23  +0.88 || 335      Gyro:  +41.90  +19.31  -10.07 || 335
Accel:  +0.76  -0.24  +0.91 || 340      Gyro:  +59.79   +0.47  -22.97 || 340
Accel:  +0.79  -0.21  +0.90 || 345      Gyro:  +75.51  +17.69  -18.95 || 345
Accel:  +0.76  -0.11  +0.89 || 350      Gyro:  +71.05   +8.17   -7.09 || 350
Accel:  +0.77  -0.16  +0.97 || 355      Gyro:  +62.75   -3.24   +7.53 || 355
Accel:  +0.76  -0.21  +0.95 || 360      Gyro:  +56.49  +13.17  +18.66 || 360
Accel:  +0.77  -0.14  +0.99 || 365      Gyro:  +33.10   +5.12  +32.69 || 365
Accel:  +0.65  -0.19  +0.95 || 370      Gyro:  +52.16   -7.11  -29.41 || 370
Accel:  +0.72  -0.19  +0.95 || 375      Gyro:  +25.69  +11.97   +7.44 || 375
Accel:  +0.74  -0.09  +0.84 || 380      Gyro:  +73.32  -22.42  -22.29 || 380
Accel:  +0.79  -0.09  +0.90 || 385      Gyro:  +98.28  -65.50  +20.63 || 385
Accel:  +0.80  +0.15  +0.87 || 390      Gyro:  +95.79  -43.18  +42.18 || 390
Accel:  +1.27  +0.35  +0.76 || 395      Gyro:   +4.02  -36.47 +113.79 || 395