Accel:  +0.56  -0.19  +0.90 || 0        Gyro:  +61.04  +21.68   +5.34 || 0
Accel:  +0.52  -0.13  +0.98 || 5        Gyro:  +54.24   +6.39  -13.95 || 5
Accel:  +0.61  -0.18  +0.91 || 10       Gyro:  +54.52  -15.25  -28.94 || 10
Accel:  +0.55  -0.13  +0.99 || 15       Gyro:  +44.46  +11.63   -2.96 || 15
Accel:  +0.54  -0.16  +0.93 || 20       Gyro:  +74.76  +15.37   -1.02 || 20
Accel:  +0.64  -0.11  +0.97 || 25       Gyro:  +64.13   +4.17  -30.30 || 25
Accel:  +0.59  -0.11  +0.97 || 30       Gyro:  +70.95  +31.66  +13.96 || 30
Accel:  +0.59  -0.07  +0.92 || 35       Gyro:  +59.92   -5.40  -15.74 || 35
Accel:  +0.56  -0.16  +0.91 || 40       Gyro:  +78.63   +0.07  -31.71 || 40
Accel:  +0.50  -0.05  +0.94 || 45       Gyro: +102.60  +14.37  +24.32 || 45
Accel:  +0.56  +0.00  +0.94 || 50       Gyro: +139.88  +37.69  +41.21 || 50
Accel:  +0.46  +0.16  +0.95 || 55       Gyro: +123.80   +6.45  +33.11 || 55
Accel:  +0.51  +0.16  +0.98 || 60       Gyro: +109.96   +6.60  +13.03 || 60
Accel:  +0.51  +0.28  +0.97 || 65       Gyro: +120.40  +12.34  +16.73 || 65
Accel:  +0.54  +0.30  +0.89 || 70       Gyro: +123.35   -4.49   -0.44 || 70
Accel:  +0.41  +0.31  +0.82 || 75       Gyro: +150.98  +20.81   -2.27 || 75
Accel:  +0.34  +0.41  +0.74 || 80       Gyro: +244.71  -37.30   +8.04 || 80
Accel:  +0.58  +0.36  +0.56 || 85       Gyro: +250.13  -14.40   -4.49 || 85
Accel:  +0.43  +1.05  +0.60 || 90       Gyro: +239.66 +105.98 +126.91 || 90
Accel:  +0.58  +0.75  +0.28 || 95       Gyro: +236.05  -10.66  -21.61 || 95
Accel:  +0.48  +1.08  +0.25 || 100      Gyro: +182.50  -36.84   +7.21 || 100
Accel:  +0.46  +1.05  +0.20 || 105      Gyro: +129.91  -35.56  -13.34 || 105
Accel:  +0.48  +1.02  +0.15 || 110      Gyro:  +82.79  -15.48   -9.68 || 110
Accel:  +0.49  +0.93  +0.09 || 115      Gyro: +100.10  -20.66  -12.05 || 115
Accel:  +0.48  +0.98  +0.10 || 120      Gyro:  +79.03   -8.29   +2.81 || 120
Accel:  +0.60  +0.93  +0.03 || 125      Gyro: +105.27  -24.21   +0.38 || 125
Accel:  +0.49  +1.02  +0.03 || 130      Gyro:  +86.47   -6.74   -5.68 || 130
Accel:  +0.56  +1.04  -0.05 || 135      Gyro:  +79.60   +1.40   -1.71 || 135
Accel:  +0.53  +0.94  -0.05 || 140      Gyro:  +87.06  +18.74   +3.25 || 140
Accel:  +0.52  +0.96  -0.04 || 145      Gyro:  +97.78  +23.24   +4.13 || 145
Accel:  +0.53  +0.97  -0.12 || 150      Gyro:  +93.18  +34.72  +23.36 || 150
Accel:  +0.53  +0.99  -0.11 || 155      Gyro:  +66.80  -22.89  +17.62 || 155
Accel:  +0.53  +0.99  -0.12 || 160      Gyro:  +44.31   -2.65   -9.21 || 160
Accel:  +0.52  +0.99  -0.17 || 165      Gyro:  +50.33   +1.63   -5.27 || 165
Accel:  +0.52  +0.99  -0.13 || 170      Gyro:  +38.08   -0.25   +1.56 || 170
Accel:  +0.55  +0.99  -0.15 || 175      Gyro:  +59.09   -2.01   +5.05 || 175
Accel:  +0.52  +1.00  -0.14 || 180      Gyro:  +61.44   -6.26   +0.28 || 180
Accel:  +0.55  +1.00  -0.14 || 185      Gyro:  +76.21   -6.34   +2.74 || 185
Accel:  +0.52  +0.99  -0.18 || 190      Gyro:  +54.97   +1.44   -5.05 || 190
Accel:  +0.55  +1.01  -0.16 || 195      Gyro:  +39.60   +1.08   -0.36 || 195
Accel:  +0.49  +0.99  -0.18 || 200      Gyro:  +22.74  +11.56   +0.86 || 200
Accel:  +0.58  +1.12  -0.17 || 205      Gyro:   +8.87  -10.24   -4.93 || 205
Accel:  +0.54  +1.07  -0.07 || 210      Gyro:   -5.65  -11.11   -3.84 || 210
Accel:  +0.60  +1.14  -0.05 || 215      Gyro:  -51.03  -10.39  +16.95 || 215
Accel:  +0.48  +1.08  +0.07 || 220      Gyro:  -72.29   -7.00  +19.47 || 220
Accel:  +0.62  +0.98  +0.15 || 225      Gyro:  -77.19  -13.28  -16.51 || 225
Accel:  +0.52  +0.95  +0.24 || 230      Gyro:  -82.02   +1.50  +35.47 || 230
Accel:  +0.53  +0.95  +0.45 || 235      Gyro: -114.17   +9.47  -22.98 || 235
Accel:  +0.56  +0.73  +0.47 || 240      Gyro: -104.73  -28.34  -35.21 || 240
Accel:  +0.60  +0.74  +0.60 || 245      Gyro: -116.93   -4.84  +12.92 || 245
Accel:  +0.51  +0.66  +0.76 || 250      Gyro: -136.98   -0.15  -13.80 || 250
Accel:  +0.55  +0.47  +0.75 || 255      Gyro: -142.98   +5.53  -13.65 || 255
Accel:  +0.52  +0.36  +0.87 || 260      Gyro:  -86.97   +1.77  +12.60 || 260
Accel:  +0.44  +0.14  +0.79 || 265      Gyro:   +6.92   +2.61  +70.32 || 265
Accel:  +0.58  +0.26  +0.91 || 270      Gyro:  +19.32  +17.68  +43.69 || 270
Accel:  +0.46  +0.18  +0.86 || 275      Gyro:   -0.35  +22.34  -32.50 || 275
Accel:  +0.58  +0.08  +0.96 || 280      Gyro:  -64.54   +0.67   -6.07 || 280
Accel:  +0.61  +0.00  +0.91 || 285      Gyro:  -88.02  +46.56  -58.56 || 285
Accel:  +0.40  -0.06  +0.93 || 290      Gyro:  +35.23  +60.71  -83.24 || 290
Accel:  +0.45  -0.11  +1.00 || 295      Gyro:   +8.37  +28.13  -44.24 || 295
Accel:  +0.39  -0.14  +0.96 || 300      Gyro:  +36.28  +43.52  +11.23 || 300
Accel:  +0.28  -0.17  +0.97 || 305      Gyro:  +38.96  +21.92   +0.82 || 305
Accel:  +0.27  -0.16  +0.96 || 310      Gyro:  +72.20  -12.98  +10.77 || 310
Accel:  +0.34  -0.13  +0.98 || 315      Gyro:  +64.07  -11.21   -3.49 || 315
Accel:  +0.34  -0.07  +0.97 || 320      Gyro:  +58.69  -22.86   -6.49 || 320
Accel:  +0.36  -0.06  +0.98 || 325      Gyro:  +52.49   -4.79   +9.44 || 325
Accel:  +0.35  -0.04  +0.94 || 330      Gyro:  +48.92   -4.95   -1.31 || 330
Accel:  +0.34  -0.08  +0.92 || 335      Gyro:  +55.80   +0.87  +10.26 || 335
Accel:  +0.37  -0.06  +0.90 || 340      Gyro:  +56.51   -1.50   +3.06 || 340
Accel:  +0.33  -0.04  +0.97 || 345      Gyro:  +58.98  +13.08  +11.76 || 345
Accel:  +0.35  -0.07  +0.94 || 350      Gyro:  +47.92  -19.92   +4.58 || 350
Accel:  +0.42  -0.03  +0.94 || 355      Gyro:  +41.88  -22.35   +3.14 || 355
Accel:  +0.40  -0.04  +0.95 || 360      Gyro:  +44.76  -17.01   +3.90 || 360
Accel:  +0.43  -0.06  +0.92 || 365      Gyro:  +57.27  -21.72   +5.55 || 365
Accel:  +0.40  +0.06  +0.97 || 370      Gyro:  +45.86  -37.37  +37.48 || 370
Accel:  +0.49  +0.01  +1.02 || 375      Gyro:  +58.05  -25.53  +13.89 || 375
Accel:  +0.55  +0.01  +1.00 || 380      Gyro:  +47.43   -3.59  +28.02 || 380
Accel:  +0.54  +0.03  +0.95 || 385      Gyro:  +48.31   -6.19   +9.92 || 385
Accel:  +0.52  +0.01  +0.95 || 390      Gyro:  +51.69  -10.74  +11.44 || 390
Accel:  +0.52  -0.04  +0.94 || 395      Gyro:  +51.66   +2.51   +3.15 || 395