Accel:  +0.80  -0.26  +0.71 || 0        Gyro: +109.14  +49.18  +12.02 || 0
Accel:  +0.52  -0.08  +1.03 || 5        Gyro: +137.99  +11.18   +5.84 || 5
Accel:  +0.82  -0.02  +0.98 || 10       Gyro: +146.40   -3.94  +11.98 || 10
Accel:  +0.68  +0.16  +1.17 || 15       Gyro:  +93.58   +8.07   +0.79 || 15
Accel:  +0.84  +0.11  +0.91 || 20       Gyro:  +46.42   +6.30  +13.93 || 20
Accel:  +0.64  +0.05  +0.85 || 25       Gyro:  +58.64  +21.40   +0.29 || 25
Accel:  +0.72  +0.01  +0.79 || 30       Gyro:  +50.56  +18.33   -3.83 || 30
Accel:  +0.60  -0.05  +0.75 || 35       Gyro:  +83.39  +18.73   -5.79 || 35
Accel:  +0.61  -0.13  +0.19 || 40       Gyro: +234.10  -26.22  -22.52 || 40
Accel:  +0.57  +0.59  +0.54 || 45       Gyro: +250.13  -23.90   -8.28 || 45
Accel:  +0.68  +1.01  +0.52 || 50       Gyro: +250.13  +10.50  -53.22 || 50
Accel:  +0.80  +1.35  +0.75 || 55       Gyro: +246.19  -32.92   +7.07 || 55
Accel:  +0.44  +0.99  +0.46 || 60       Gyro: +127.32  -20.18  -37.55 || 60
Accel:  +0.76  +0.77  -0.32 || 65       Gyro:  +35.92  +51.71  -19.62 || 65
Accel:  +0.43  +0.91  +0.48 || 70       Gyro:  +53.68  +25.06   -8.08 || 70
Accel:  +0.50  +0.92  +0.50 || 75       Gyro:  +53.24  +12.28   -9.94 || 75
Accel:  +0.54  +0.93  +0.34 || 80       Gyro:  +48.04   -7.65  -13.67 || 80
Accel:  +0.49  +0.91  +0.39 || 85       Gyro:  +47.95   -9.42   -1.23 || 85
Accel:  +0.56  +0.95  +0.35 || 90       Gyro:  +39.77  -24.49   -3.04 || 90
Accel:  +0.49  +0.91  +0.35 || 95       Gyro:  +38.30   -8.98   +5.77 || 95
Accel:  +0.57  +0.89  +0.33 || 100      Gyro:  +35.46   +1.37   +1.12 || 100
Accel:  +0.47  +0.93  +0.48 || 105      Gyro:  +27.60   -5.08   +2.03 || 105
Accel:  +0.56  +0.87  +0.40 || 110      Gyro:  +22.32   -5.04   -1.60 || 110
Accel:  +0.45  +0.91  +0.58 || 115      Gyro:   +6.24  -25.47   -6.31 || 115
Accel:  +0.62  +0.98  +0.42 || 120      Gyro:  -53.96  +16.21   +1.07 || 120
Accel:  +0.59  +1.16  +1.11 || 125      Gyro: -137.41  -20.63  +29.87 || 125
Accel:  +0.53  +0.96  +0.84 || 130      Gyro: -247.76  -32.69   +9.13 || 130
Accel:  +0.53  +0.72  +0.82 || 135      Gyro: -250.14   -0.16  -11.60 || 135
Accel:  +0.40  +0.28  +1.06 || 140      Gyro: -250.14  -41.38  -41.35 || 140
Accel:  +0.98  -0.01  +0.46 || 145      Gyro: -225.63  +16.21  -22.08 || 145
Accel:  +0.34  -0.36  +0.69 || 150      Gyro: -103.79  +27.23   -6.26 || 150
Accel:  +0.57  -0.57  +0.37 || 155      Gyro:  +39.01  -10.03   -1.21 || 155
Accel:  +0.51  -0.41  +0.85 || 160      Gyro:  +96.34   -7.47  -20.69 || 160
Accel:  +0.79  -0.34  +0.85 || 165      Gyro:  +97.01  -12.89   +2.86 || 165
Accel:  +0.55  -0.30  +1.04 || 170      Gyro:  +76.19   +6.07   -2.40 || 170
Accel:  +0.69  -0.31  +0.83 || 175      Gyro:  +82.08  +23.11   -3.07 || 175
Accel:  +0.51  -0.20  +1.21 || 180      Gyro:  +68.78   -8.29   -3.15 || 180
Accel:  +0.75  -0.25  +0.82 || 185      Gyro:  +71.50   +9.08  +13.25 || 185
Accel:  +0.52  -0.24  +1.04 || 190      Gyro:  +54.50  -12.59   -5.16 || 190
Accel:  +0.67  -0.23  +0.93 || 195      Gyro:  +53.90   +0.61   -0.05 || 195
Accel:  +0.59  -0.20  +0.97 || 200      Gyro:  +59.69   +4.42   +0.67 || 200
Accel:  +0.66  -0.19  +0.89 || 205      Gyro:  +63.79  +16.66   +3.96 || 205
Accel:  +0.55  -0.19  +0.98 || 210      Gyro:  +48.00   -9.03   -4.86 || 210
Accel:  +0.62  -0.20  +0.91 || 215      Gyro:  +52.02  -14.43   -0.87 || 215
Accel:  +0.60  -0.20  +0.93 || 220      Gyro:  +51.73   -7.58   -1.97 || 220
Accel:  +0.63  -0.17  +0.91 || 225      Gyro:  +70.02   +8.04   +3.28 || 225
Accel:  +0.61  -0.13  +1.04 || 230      Gyro:  +60.59   +1.04   +3.90 || 230
Accel:  +0.64  -0.17  +0.90 || 235      Gyro:  +50.44   +4.84   +5.73 || 235
Accel:  +0.58  -0.16  +0.99 || 240      Gyro:  +47.19   -6.95   -0.44 || 240
Accel:  +0.63  -0.15  +0.93 || 245      Gyro:  +43.60   -2.15   +0.67 || 245
Accel:  +0.60  -0.16  +0.94 || 250      Gyro:  +48.73   +0.66   +2.37 || 250
Accel:  +0.61  -0.18  +0.92 || 255      Gyro:  +45.98   +1.38   +0.91 || 255
Accel:  +0.60  -0.14  +0.98 || 260      Gyro:  +48.37   +1.59   +2.11 || 260
Accel:  +0.62  -0.17  +0.90 || 265      Gyro:  +51.03   +8.81   +0.29 || 265
Accel:  +0.64  -0.14  +0.93 || 270      Gyro:  +64.10   +7.89   +3.65 || 270
Accel:  +0.58  -0.15  +1.00 || 275      Gyro:  +46.89   +3.43   -0.98 || 275
Accel:  +0.57  -0.18  +0.94 || 280      Gyro:  +54.66   -5.15   +1.60 || 280
Accel:  +0.66  -0.12  +0.99 || 285      Gyro:  +45.05   -4.94   +3.36 || 285
Accel:  +0.57  -0.16  +0.93 || 290      Gyro:  +54.15   +0.93   +4.47 || 290
Accel:  +0.61  -0.13  +0.97 || 295      Gyro:  +34.63   -7.03   -7.21 || 295
Accel:  +0.64  -0.14  +0.93 || 300      Gyro:  +54.95   +0.80   +3.54 || 300
Accel:  +0.60  -0.14  +1.00 || 305      Gyro:  +35.00  -12.26   -1.76 || 305
Accel:  +0.62  -0.17  +0.91 || 310      Gyro:  +53.67   +3.16   +2.32 || 310
Accel:  +0.59  -0.14  +0.99 || 315      Gyro:  +50.52   -1.07   +1.69 || 315
Accel:  +0.61  -0.14  +0.94 || 320      Gyro:  +52.76   -0.18   +1.53 || 320
Accel:  +0.58  -0.16  +0.96 || 325      Gyro:  +54.69   +3.41   +1.10 || 325
Accel:  +0.60  -0.15  +0.94 || 330      Gyro:  +56.34  +10.90   +1.44 || 330
Accel:  +0.58  -0.11  +1.05 || 335      Gyro:  +51.77   -3.81   +2.05 || 335
Accel:  +0.57  -0.13  +0.97 || 340      Gyro:  +50.90   -3.07   +3.87 || 340
Accel:  +0.62  -0.12  +0.94 || 345      Gyro:  +43.64   -3.66   -2.08 || 345
Accel:  +0.59  -0.14  +0.95 || 350      Gyro:  +50.24   -6.39   +1.56 || 350
Accel:  +0.58  -0.12  +0.97 || 355      Gyro:  +52.37   +2.94   -0.17 || 355
Accel:  +0.63  -0.12  +0.96 || 360      Gyro:  +50.05   -0.49   +0.71 || 360
Accel:  +0.60  -0.11  +1.00 || 365      Gyro:  +54.21   +1.96   +2.99 || 365
Accel:  +0.63  -0.11  +0.97 || 370      Gyro:  +48.97   -2.00   +3.74 || 370
Accel:  +0.63  -0.12  +0.94 || 375      Gyro:  +46.65   +1.37   +0.14 || 375
Accel:  +0.59  -0.14  +0.93 || 380      Gyro:  +52.21   -4.37   -0.61 || 380
Accel:  +0.63  -0.10  +0.95 || 385      Gyro:  +56.89   +1.47   +1.12 || 385
Accel:  +0.60  -0.11  +0.97 || 390      Gyro:  +53.62   +0.38   +0.36 || 390
Accel:  +0.64  -0.08  +0.98 || 395      Gyro:  +55.60   -2.29   -1.75 || 395