Accel:  +0.81  -0.22  +1.01 || 0        Gyro:  +31.69   +7.07   -0.82 || 0
Accel:  +0.71  -0.21  +0.98 || 5        Gyro:  +59.70  +12.29  +52.25 || 5
Accel:  +0.77  -0.27  +0.88 || 10       Gyro:  +38.99  +18.79   -8.83 || 10
Accel:  +0.78  -0.16  +1.03 || 15       Gyro:  +48.31   +5.34  +13.31 || 15
Accel:  +0.70  -0.23  +0.95 || 20       Gyro:  +39.36   +1.67  +13.37 || 20
Accel:  +0.70  -0.24  +0.88 || 25       Gyro:  +30.39  +17.38  -20.12 || 25
Accel:  +0.79  -0.26  +0.86 || 30       Gyro:  +52.09  -13.99   +4.02 || 30
Accel:  +0.74  -0.28  +0.89 || 35       Gyro:  +45.24   -4.59   -4.28 || 35
Accel:  +0.78  -0.25  +0.87 || 40       Gyro:  +56.73  +12.50   -3.28 || 40
Accel:  +0.69  -0.24  +1.01 || 45       Gyro:  +74.64   -8.08  +12.77 || 45
Accel:  +0.67  -0.31  +0.87 || 50       Gyro:  +89.48  -18.67  +21.87 || 50
Accel:  +0.67  -0.18  +1.03 || 55       Gyro: +108.69  -19.13  +12.27 || 55
Accel:  +0.82  -0.19  +0.88 || 60       Gyro: +128.18  -11.02  +18.02 || 60
Accel:  +0.69  -0.16  +0.94 || 65       Gyro: +162.53  -13.40  +43.63 || 65
Accel:  +0.71  -0.21  +0.75 || 70       Gyro: +169.50   +1.26  -35.79 || 70
Accel:  +0.75  -0.02  +0.75 || 75       Gyro: +250.13  +11.47   -8.50 || 75
Accel:  +0.60  +0.31  +0.64 || 80       Gyro: +250.13  -30.08   -4.05 || 80
Accel:  +0.65  +0.68  +0.79 || 85       Gyro: +250.13  -43.53  -61.36 || 85
Accel:  +0.93  +0.72  +0.36 || 90       Gyro: +232.68  +63.55 -103.27 || 90
Accel:  +0.41  +0.84  +0.32 || 95       Gyro: +217.13   +0.95   +7.17 || 95
Accel:  +0.74  +1.09  -0.05 || 100      Gyro: +250.13  +82.37  -59.35 || 100
Accel:  +0.55  +1.25  +0.10 || 105      Gyro: +197.34   -0.65  +20.14 || 105
Accel:  +0.45  +1.06  -0.09 || 110      Gyro: +149.45   -9.60  -49.02 || 110
Accel:  +0.64  +1.19  -0.10 || 115      Gyro:  +55.58  -95.94  -11.09 || 115
Accel:  +0.69  +1.25  +0.06 || 120      Gyro:  +75.44  -26.56   -9.34 || 120
Accel:  +0.47  +1.01  -0.10 || 125      Gyro:  +52.98   -2.08   +6.82 || 125
Accel:  +0.45  +1.00  -0.09 || 130      Gyro:  +42.44   +5.14   +8.71 || 130
Accel:  +0.45  +0.98  -0.08 || 135      Gyro:  +47.36   +3.77   -0.09 || 135
Accel:  +0.45  +1.00  -0.10 || 140      Gyro:  +45.57   +3.53   +6.50 || 140
Accel:  +0.46  +0.99  -0.08 || 145      Gyro:  +52.35   +8.51  +22.11 || 145
Accel:  +0.50  +1.00  -0.08 || 150      Gyro:  +40.10   +9.99   -9.99 || 150
Accel:  +0.35  +1.10  -0.04 || 155      Gyro:  +14.59   +7.79  -49.73 || 155
Accel:  +0.39  +1.03  -0.07 || 160      Gyro:  -22.80   -6.62   +1.59 || 160
Accel:  +0.41  +1.26  +0.10 || 165      Gyro:  -22.88  -35.08  +22.09 || 165
Accel:  +0.45  +1.07  -0.01 || 170      Gyro:  -76.70  -21.44  +15.58 || 170
Accel:  +0.52  +1.16  +0.18 || 175      Gyro: -110.40   +9.81 +113.11 || 175
Accel:  +0.49  +0.87  +0.10 || 180      Gyro: -132.34  -39.59  +65.89 || 180
Accel:  +0.78  +0.99  +0.62 || 185      Gyro: -187.05  +31.73 +214.05 || 185
Accel:  +0.87  +0.53  +0.46 || 190      Gyro: -152.76 +123.26 +152.53 || 190
Accel:  +0.37  +0.41  +0.86 || 195      Gyro: -196.56  +70.59  +17.64 || 195
Accel:  +0.80  +0.19  +0.80 || 200      Gyro:  -38.21   +2.66  -37.42 || 200
Accel:  +0.87  +0.06  +0.76 || 205      Gyro:  -21.67   -6.65  -54.63 || 205
Accel:  +0.60  +0.11  +0.92 || 210      Gyro:  -43.84  +21.14  -95.20 || 210
Accel:  +0.69  -0.02  +0.88 || 215      Gyro:   +0.32  +34.71  -16.87 || 215
Accel:  +0.51  +0.02  +1.00 || 220      Gyro:  -21.59  +13.68  -24.07 || 220
Accel:  +0.74  -0.24  +0.87 || 225      Gyro:  +36.02  -11.31  -32.76 || 225
Accel:  +0.56  -0.06  +0.90 || 230      Gyro:  +50.96  +10.67  -10.12 || 230
Accel:  +0.63  -0.01  +0.93 || 235      Gyro:  +44.48   -6.58  -12.11 || 235
Accel:  +0.67  +0.03  +0.99 || 240      Gyro:  +48.15   -0.55   +1.49 || 240
Accel:  +0.72  +0.09  +1.05 || 245      Gyro:  +40.17  -10.73   +7.13 || 245
Accel:  +0.71  +0.04  +0.98 || 250      Gyro:  +50.69   +3.26   +8.23 || 250
Accel:  +0.61  +0.02  +0.94 || 255      Gyro:  +43.06   +5.11   -1.62 || 255
Accel:  +0.67  +0.03  +0.97 || 260      Gyro:  +50.87   +8.58   +1.00 || 260
Accel:  +0.62  +0.02  +0.93 || 265      Gyro:  +48.83   +4.48   -2.26 || 265
Accel:  +0.62  +0.05  +0.98 || 270      Gyro:  +51.53   -2.97   +2.56 || 270
Accel:  +0.66  +0.04  +0.96 || 275      Gyro:  +48.37   -0.95   +1.89 || 275
Accel:  +0.64  +0.02  +0.96 || 280      Gyro:  +53.98   +2.87   +8.96 || 280
Accel:  +0.65  +0.03  +1.00 || 285      Gyro:  +45.04   -0.44   +9.96 || 285
Accel:  +0.65  +0.04  +0.99 || 290      Gyro:  +46.20   +4.24   +0.41 || 290
Accel:  +0.66  +0.02  +0.94 || 295      Gyro:  +45.18   -1.15   +2.82 || 295
Accel:  +0.63  +0.01  +0.94 || 300      Gyro:  +52.31   +5.87   +9.61 || 300
Accel:  +0.62  +0.01  +0.96 || 305      Gyro:  +49.29   +4.02   +2.98 || 305
Accel:  +0.64  +0.02  +0.95 || 310      Gyro:  +49.75   -2.51   +4.23 || 310
Accel:  +0.65  +0.03  +0.99 || 315      Gyro:  +50.40   +1.11   +4.60 || 315
Accel:  +0.57  +0.04  +1.04 || 320      Gyro:  +53.86   -9.77   +4.06 || 320
Accel:  +0.56  +0.09  +0.92 || 325      Gyro:  +45.08  -56.21  +47.07 || 325
Accel:  +0.83  -0.19  +0.93 || 330      Gyro:   +8.60  -58.81  +43.24 || 330
Accel:  +0.83  -0.06  +0.93 || 335      Gyro:   -8.20  -44.69  +75.84 || 335
Accel:  +0.77  -0.05  +0.91 || 340      Gyro:   +6.98  -25.95  +13.29 || 340
Accel:  +0.84  -0.14  +0.86 || 345      Gyro:  +34.67  -13.05   +6.47 || 345
Accel:  +0.79  -0.12  +0.92 || 350      Gyro:  +44.02  +11.90   +4.74 || 350
Accel:  +0.76  -0.11  +0.95 || 355      Gyro:  +48.48   +9.47   +3.65 || 355
Accel:  +0.81  -0.10  +0.99 || 360      Gyro:  +39.87   -7.16   +0.37 || 360
Accel:  +0.83  -0.12  +0.91 || 365      Gyro:  +42.82  -11.60   -5.72 || 365
Accel:  +0.82  -0.12  +0.96 || 370      Gyro:  +45.85   +1.66   +4.11 || 370
Accel:  +0.78  -0.14  +0.92 || 375      Gyro:  +47.31   +4.93   -0.62 || 375
Accel:  +0.83  -0.13  +0.95 || 380      Gyro:  +48.78   +4.94   +1.31 || 380
Accel:  +0.75  -0.13  +0.91 || 385      Gyro:  +53.70   +2.66   -8.05 || 385
Accel:  +0.76  -0.12  +0.91 || 390      Gyro:  +59.40   -0.47   +0.24 || 390
Accel:  +0.79  -0.11  +0.93 || 395      Gyro:  +60.15   +6.04   +5.24 || 395