Accel:  +0.49  +0.00  +0.97 || 0        Gyro:  +47.11   -0.58  -17.53 || 0
Accel:  +0.50  +0.01  +0.97 || 5        Gyro:  +46.44   -4.77  -11.41 || 5
Accel:  +0.53  +0.01  +0.98 || 10       Gyro:  +45.66   -2.80  -14.20 || 10
Accel:  +0.55  -0.08  +0.90 || 15       Gyro:  +53.48   -0.07  -10.53 || 15
Accel:  +0.54  +0.03  +1.00 || 20       Gyro:  +50.94   +0.84   -8.10 || 20
Accel:  +0.53  +0.02  +0.98 || 25       Gyro:  +45.79   -3.64   -2.38 || 25
Accel:  +0.51  -0.02  +0.97 || 30       Gyro:  +47.13   -1.41   -4.75 || 30
Accel:  +0.56  -0.02  +0.94 || 35       Gyro:  +52.99   -1.17   -5.74 || 35
Accel:  +0.51  -0.02  +0.95 || 40       Gyro:  +56.11   +1.48   +0.24 || 40
Accel:  +0.51  +0.01  +0.98 || 45       Gyro:  +54.24   -4.30   -1.89 || 45
Accel:  +0.52  -0.00  +0.97 || 50       Gyro:  +59.56   -1.22   -3.27 || 50
Accel:  +0.53  +0.02  +0.95 || 55       Gyro:  +61.51   -3.89   -1.56 || 55
Accel:  +0.52  +0.01  +0.93 || 60       Gyro:  +67.71   +1.18   +3.17 || 60
Accel:  +0.54  +0.04  +0.94 || 65       Gyro:  +74.71  +15.42   +7.76 || 65
Accel:  +0.52  +0.05  +0.96 || 70       Gyro:  +97.27   -9.55  +34.37 || 70
Accel:  +0.50  +0.16  +1.03 || 75       Gyro:  +85.61   -3.61   -1.28 || 75
Accel:  +0.49  +0.05  +0.89 || 80       Gyro: +104.47   +2.58  +12.81 || 80
Accel:  +0.59  +0.12  +0.81 || 85       Gyro: +166.73  -27.31   -4.68 || 85
Accel:  +0.55  +0.16  +0.76 || 90       Gyro: +167.88   +3.75   -5.14 || 90
Accel:  +0.47  +0.64  +1.02 || 95       Gyro: +139.41   -6.73  +28.41 || 95
Accel:  +0.65  +0.38  +0.68 || 100      Gyro: +169.69  +22.94   +4.58 || 100
Accel:  +0.51  +0.83  +0.94 || 105      Gyro: +136.06   -4.48  +22.98 || 105
Accel:  +0.61  +0.54  +0.53 || 110      Gyro: +172.45  +18.76   +1.49 || 110
Accel:  +0.53  +0.73  +0.63 || 115      Gyro: +118.66  -18.43  +25.15 || 115
Accel:  +0.63  +0.90  +0.69 || 120      Gyro: +152.58  +18.85  +16.95 || 120
Accel:  +0.65  +0.71  +0.42 || 125      Gyro: +132.61   +1.40  +11.49 || 125
Accel:  +0.66  +0.95  +0.53 || 130      Gyro: +167.70  +11.73   +0.16 || 130
Accel:  +0.47  +0.75  +0.21 || 135      Gyro: +159.90   -5.67   -8.98 || 135
Accel:  +0.60  +1.07  +0.35 || 140      Gyro: +125.12   -9.98  -11.29 || 140
Accel:  +0.59  +1.06  +0.27 || 145      Gyro: +117.81   +2.85  -11.67 || 145
Accel:  +0.44  +0.97  +0.12 || 150      Gyro:  +99.93   +3.58  -12.52 || 150
Accel:  +0.60  +1.01  +0.12 || 155      Gyro:  +93.37  -12.95  +10.02 || 155
Accel:  +0.51  +0.94  +0.09 || 160      Gyro:  +77.02  -15.13  +15.95 || 160
Accel:  +0.61  +1.01  +0.11 || 165      Gyro:  +79.25   +5.08   -2.43 || 165
Accel:  +0.59  +0.83  -0.07 || 170      Gyro:  +79.66   -2.49   +4.93 || 170
Accel:  +0.45  +1.09  -0.04 || 175      Gyro:  +49.49  -11.07  +17.48 || 175
Accel:  +0.60  +0.96  +0.06 || 180      Gyro:  +45.81  +12.02   +3.35 || 180
Accel:  +0.49  +1.01  +0.01 || 185      Gyro:  +60.86  +20.22   -4.24 || 185
Accel:  +0.57  +0.98  +0.03 || 190      Gyro:  +59.54   +8.04   -8.08 || 190
Accel:  +0.54  +1.01  -0.01 || 195      Gyro:  +51.69  +15.57  -16.05 || 195
Accel:  +0.55  +1.01  +0.01 || 200      Gyro:  +39.01   +4.11   -8.27 || 200
Accel:  +0.59  +1.01  +0.03 || 205      Gyro:  +37.86   +4.85   -7.34 || 205
Accel:  +0.48  +1.00  -0.02 || 210      Gyro:  +14.88   -2.18   -6.35 || 210
Accel:  +0.51  +1.17  +0.13 || 215      Gyro:   +6.49   -1.80  +19.39 || 215
Accel:  +0.52  +1.02  +0.08 || 220      Gyro:   -8.34   +2.69   -3.98 || 220
Accel:  +0.54  +1.00  +0.13 || 225      Gyro:  -44.29   -6.22   +9.48 || 225
Accel:  +0.55  +1.03  +0.27 || 230      Gyro:  -22.94   -3.32   -3.86 || 230
Accel:  +0.52  +0.94  +0.28 || 235      Gyro:  -50.46  -10.69   +4.79 || 235
Accel:  +0.64  +0.97  +0.38 || 240      Gyro:  -31.82  -11.20   +5.86 || 240
Accel:  +0.58  +0.85  +0.42 || 245      Gyro:  -59.77  -10.66  +10.37 || 245
Accel:  +0.64  +0.90  +0.56 || 250      Gyro:  -56.63   -9.79  +19.74 || 250
Accel:  +0.55  +0.56  +0.30 || 255      Gyro:  -50.26   -2.56   -2.99 || 255
Accel:  +0.66  +0.72  +0.67 || 260      Gyro:  -41.83   -2.42  +20.33 || 260
Accel:  +0.61  +0.50  +0.62 || 265      Gyro:  -24.68  -13.32   -1.38 || 265
Accel:  +0.62  +0.68  +0.84 || 270      Gyro:  -47.50   +0.08  +25.59 || 270
Accel:  +0.68  +0.45  +0.72 || 275      Gyro:  -22.93   +5.77  -12.81 || 275
Accel:  +0.43  +0.56  +0.85 || 280      Gyro:  -42.03  +20.34  -30.79 || 280
Accel:  +0.62  +0.33  +0.81 || 285      Gyro:  -45.98  -23.18  -45.02 || 285
Accel:  +0.59  +0.39  +0.96 || 290      Gyro:  -23.27   +6.52   +2.18 || 290
Accel:  +0.51  +0.27  +0.93 || 295      Gyro:  -12.82  +37.50  -30.30 || 295
Accel:  +0.46  +0.22  +0.94 || 300      Gyro:   -1.28   -3.98  -25.83 || 300
Accel:  +0.60  +0.18  +0.96 || 305      Gyro:   -3.73  +15.65  -19.37 || 305
Accel:  +0.48  +0.19  +1.02 || 310      Gyro:  +15.34   +2.37  -28.98 || 310
Accel:  +0.62  +0.07  +0.86 || 315      Gyro:  +16.56   -6.14  -18.19 || 315
Accel:  +0.53  +0.12  +1.02 || 320      Gyro:   -0.41   -9.65  -24.82 || 320
Accel:  +0.66  -0.05  +0.90 || 325      Gyro:  +28.42  +10.33   -6.16 || 325
Accel:  +0.52  +0.02  +1.00 || 330      Gyro:  +40.15  +10.63   -5.41 || 330
Accel:  +0.52  -0.03  +0.96 || 335      Gyro:  +53.86  +21.15  -19.05 || 335
Accel:  +0.46  -0.02  +0.98 || 340      Gyro:  +40.73   -1.39   -1.61 || 340
Accel:  +0.60  -0.03  +0.94 || 345      Gyro:  +70.92  +19.25   +7.57 || 345
Accel:  +0.50  +0.02  +0.97 || 350      Gyro:  +51.31   +0.50   -3.75 || 350
Accel:  +0.47  +0.07  +1.00 || 355      Gyro:  +68.54  +13.08   +8.37 || 355
Accel:  +0.58  +0.02  +0.94 || 360      Gyro:  +43.60   +0.92   -7.30 || 360
Accel:  +0.43  +0.09  +1.02 || 365      Gyro:  +48.94   +9.05   +7.67 || 365
Accel:  +0.47  +0.01  +0.93 || 370      Gyro:  +51.73   +2.66  -13.47 || 370
Accel:  +0.43  +0.08  +0.95 || 375      Gyro:  +54.74   +2.54   +5.79 || 375
Accel:  +0.54  +0.03  +0.91 || 380      Gyro:  +51.53   -2.00   -1.75 || 380
Accel:  +0.45  +0.09  +0.98 || 385      Gyro:  +52.42   +2.18   +6.66 || 385
Accel:  +0.50  +0.06  +0.97 || 390      Gyro:  +53.95   -4.83   -1.63 || 390
Accel:  +0.45  +0.11  +1.02 || 395      Gyro:  +52.81   +1.60   +9.58 || 395