Accel:  +0.77  -0.15  +0.97 || 0        Gyro:  +66.21  +29.98  -10.90 || 0
Accel:  +0.69  -0.16  +0.89 || 5        Gyro:  +53.15   +9.20  +13.82 || 5
Accel:  +0.70  -0.14  +0.92 || 10       Gyro:  +62.21   -0.15  +11.92 || 10
Accel:  +0.71  -0.15  +0.94 || 15       Gyro:  +51.12   +7.75   +5.76 || 15
Accel:  +0.67  -0.19  +0.94 || 20       Gyro:  +57.46  +10.05   +5.86 || 20
Accel:  +0.71  -0.23  +0.77 || 25       Gyro: +110.97  +17.51   +6.05 || 25
Accel:  +0.68  -0.11  +0.77 || 30       Gyro: +192.04   -5.00  +27.57 || 30
Accel:  +0.53  +0.15  +0.99 || 35       Gyro: +250.13  -59.70  -16.92 || 35
Accel:  +0.79  +0.22  +0.60 || 40       Gyro: +250.13  -18.96  -19.57 || 40
Accel:  +0.82  +0.58  +0.84 || 45       Gyro: +250.13  +50.68  -47.33 || 45
Accel:  +0.81  +0.65  +0.54 || 50       Gyro: +221.61  +56.54   -9.19 || 50
Accel:  +0.58  +0.79  +0.82 || 55       Gyro: +130.79   +5.32  -38.11 || 55
Accel:  +0.71  +0.79  +0.48 || 60       Gyro: +157.96  +23.47  -22.28 || 60
Accel:  +0.49  +0.78  +0.29 || 65       Gyro: +162.40  +42.70  -30.06 || 65
Accel:  +0.73  +1.25  +0.17 || 70       Gyro: +176.30   +3.98  -22.48 || 70
Accel:  +0.44  +0.72  +0.23 || 75       Gyro:  +62.65   +2.08  +10.87 || 75
Accel:  +0.56  +0.82  +0.44 || 80       Gyro:  +58.71  -26.29   -6.23 || 80
Accel:  +0.47  +0.95  +0.36 || 85       Gyro:  +50.20   +5.81  -16.39 || 85
Accel:  +0.44  +0.90  +0.45 || 90       Gyro:  +47.60   +7.34  -13.19 || 90
Accel:  +0.43  +0.88  +0.35 || 95       Gyro:  +46.31  -14.71   +2.17 || 95
Accel:  +0.42  +0.88  +0.41 || 100      Gyro:  +45.00  -19.47   +6.80 || 100
Accel:  +0.47  +0.90  +0.39 || 105      Gyro:  +41.80   -8.89   +4.08 || 105
Accel:  +0.46  +0.88  +0.42 || 110      Gyro:  +40.90   -8.57   +3.49 || 110
Accel:  +0.46  +0.90  +0.42 || 115      Gyro:  +40.33   -3.56   +4.57 || 115
Accel:  +0.51  +0.88  +0.42 || 120      Gyro:  +41.45   +3.31   +2.65 || 120
Accel:  +0.41  +0.88  +0.46 || 125      Gyro:  +41.85   -8.37   +3.29 || 125
Accel:  +0.51  +0.88  +0.40 || 130      Gyro:  +42.06   -4.17   +2.97 || 130
Accel:  +0.51  +0.87  +0.44 || 135      Gyro:  +41.53   -7.06   -1.85 || 135
Accel:  +0.48  +0.88  +0.42 || 140      Gyro:  +40.24   +7.93   -3.32 || 140
Accel:  +0.44  +0.89  +0.55 || 145      Gyro:  +38.24   -8.75   +4.63 || 145
Accel:  +0.46  +0.85  +0.52 || 150      Gyro:  +23.55  -29.41   +5.18 || 150
Accel:  +0.54  +0.90  +0.54 || 155      Gyro:   -7.96   +4.60   +4.26 || 155
Accel:  +0.50  +0.83  +0.29 || 160      Gyro:  -54.66  +18.67  +23.57 || 160
Accel:  +0.27  +0.74  +0.77 || 165      Gyro:  -21.85  -14.95  +10.47 || 165
Accel:  +0.70  +0.82  +0.76 || 170      Gyro: -122.42  +33.31   -1.87 || 170
Accel:  +0.41  +0.71  +1.01 || 175      Gyro: -171.40   +0.69   -5.27 || 175
Accel:  +0.68  +0.47  +0.69 || 180      Gyro: -224.34  -16.34  -19.91 || 180
Accel:  +0.43  +0.29  +1.10 || 185      Gyro: -166.06  -29.28   -9.69 || 185
Accel:  +0.55  -0.03  +0.60 || 190      Gyro: -139.08   +2.43  -20.82 || 190
Accel:  +0.58  -0.20  +0.76 || 195      Gyro:  -74.68  -20.86  -31.29 || 195
Accel:  +0.51  -0.36  +0.55 || 200      Gyro:  +51.45   +8.72   -4.92 || 200
Accel:  +0.42  -0.17  +1.22 || 205      Gyro:  +85.41  -22.89  -25.46 || 205
Accel:  +0.68  -0.15  +0.90 || 210      Gyro:  +80.98   +3.61   -2.95 || 210
Accel:  +0.60  -0.11  +1.05 || 215      Gyro:  +47.47  -11.15   -4.73 || 215
Accel:  +0.59  -0.14  +0.90 || 220      Gyro:  +45.81   -6.97   +3.79 || 220
Accel:  +0.58  -0.12  +0.98 || 225      Gyro:  +36.47   +9.01   -8.28 || 225
Accel:  +0.57  -0.14  +0.95 || 230      Gyro:  +60.31   -7.39   +5.08 || 230
Accel:  +0.57  -0.14  +0.92 || 235      Gyro:  +43.02   +0.82   -0.64 || 235
Accel:  +0.52  -0.14  +0.95 || 240      Gyro:  +50.37   -7.30   +4.46 || 240
Accel:  +0.57  -0.14  +0.93 || 245      Gyro:  +52.50   +2.50   -0.05 || 245
Accel:  +0.59  -0.13  +0.93 || 250      Gyro:  +62.86   -2.51   +5.53 || 250
Accel:  +0.60  -0.11  +0.97 || 255      Gyro:  +51.33   +2.00   +0.82 || 255
Accel:  +0.59  -0.13  +0.93 || 260      Gyro:  +52.82   -6.18   +4.14 || 260
Accel:  +0.59  -0.10  +0.98 || 265      Gyro:  +50.17   -0.47   +2.79 || 265
Accel:  +0.56  -0.11  +1.00 || 270      Gyro:  +48.84   +3.49   +0.95 || 270
Accel:  +0.60  -0.11  +0.96 || 275      Gyro:  +46.05   -1.36   +0.45 || 275
Accel:  +0.59  -0.11  +0.96 || 280      Gyro:  +46.06   -1.00   -1.91 || 280
Accel:  +0.58  -0.11  +0.97 || 285      Gyro:  +47.41   -2.37   +1.06 || 285
Accel:  +0.55  -0.11  +0.94 || 290      Gyro:  +47.79   +0.88   +0.12 || 290
Accel:  +0.58  -0.10  +0.99 || 295      Gyro:  +51.98   -1.37   +1.24 || 295
Accel:  +0.56  -0.13  +0.94 || 300      Gyro:  +52.17   +1.37   +1.23 || 300
Accel:  +0.54  -0.09  +1.05 || 305      Gyro:  +43.20   -4.44   -0.74 || 305
Accel:  +0.58  -0.12  +0.94 || 310      Gyro:  +54.23   +3.76   +5.86 || 310
Accel:  +0.57  -0.12  +0.94 || 315      Gyro:  +45.15   +0.62   -1.25 || 315
Accel:  +0.52  -0.13  +0.97 || 320      Gyro:  +58.70   -4.28   +5.08 || 320
Accel:  +0.61  -0.10  +0.96 || 325      Gyro:  +47.78   -0.59   +2.41 || 325
Accel:  +0.61  -0.10  +0.95 || 330      Gyro:  +57.21   -0.63   +1.72 || 330
Accel:  +0.59  -0.09  +0.97 || 335      Gyro:  +51.61   +4.91   +1.83 || 335
Accel:  +0.55  -0.09  +0.99 || 340      Gyro:  +52.08   -0.53   +3.39 || 340
Accel:  +0.55  -0.10  +0.97 || 345      Gyro:  +48.79   +0.03   +1.17 || 345
Accel:  +0.58  -0.10  +0.95 || 350      Gyro:  +47.19   -2.15   +0.34 || 350
Accel:  +0.56  -0.09  +0.97 || 355      Gyro:  +54.10   +3.29   -0.38 || 355
Accel:  +0.61  -0.08  +0.97 || 360      Gyro:  +48.84   -5.12   +1.95 || 360
Accel:  +0.57  -0.10  +0.94 || 365      Gyro:  +59.56   +6.82   +5.69 || 365
Accel:  +0.61  -0.08  +0.93 || 370      Gyro:  +49.31   -2.95   +2.59 || 370
Accel:  +0.56  -0.10  +0.93 || 375      Gyro:  +58.95   +5.79   +2.76 || 375
Accel:  +0.56  -0.05  +1.02 || 380      Gyro:  +48.86   -0.76   -3.62 || 380
Accel:  +0.58  -0.08  +0.92 || 385      Gyro:  +58.17   -1.54   +0.85 || 385
Accel:  +0.56  -0.06  +0.99 || 390      Gyro:  +67.76   +9.39   +1.93 || 390
Accel:  +0.57  -0.03  +0.96 || 395      Gyro:  +68.77   +6.21   +3.69 || 395