Accel:  +0.62  -0.05  +0.97 || 0        Gyro:  +21.82   +7.63   +1.98 || 0
Accel:  +0.60  -0.21  +0.95 || 5        Gyro:  +24.22   +2.12   -8.36 || 5
Accel:  +0.60  -0.17  +1.00 || 10       Gyro:  +41.42   +7.77   -8.46 || 10
Accel:  +0.62  -0.20  +0.96 || 15       Gyro:  +45.50  -12.56   -9.28 || 15
Accel:  +0.62  -0.16  +0.97 || 20       Gyro:  +37.99   +6.58  -12.74 || 20
Accel:  +0.66  -0.24  +0.93 || 25       Gyro:  +39.90  -13.05  -11.58 || 25
Accel:  +0.66  -0.29  +0.89 || 30       Gyro:  +56.07   -4.62   -9.26 || 30
Accel:  +0.65  -0.15  +1.04 || 35       Gyro:  +63.27   +9.29   -2.48 || 35
Accel:  +0.72  -0.25  +0.89 || 40       Gyro:  +69.80   +4.65   -2.94 || 40
Accel:  +0.60  -0.15  +0.93 || 45       Gyro: +101.44  +23.65  +10.55 || 45
Accel:  +0.60  -0.01  +1.07 || 50       Gyro:  +95.04  +11.24  +14.22 || 50
Accel:  +0.57  -0.09  +0.98 || 55       Gyro:  +78.38  -10.74   -5.92 || 55
Accel:  +0.72  -0.05  +1.01 || 60       Gyro:  +91.56  -14.18   +1.79 || 60
Accel:  +0.67  -0.05  +0.98 || 65       Gyro:  +74.66   -7.57   +0.21 || 65
Accel:  +0.62  -0.08  +0.85 || 70       Gyro: +127.04  +20.85   +5.06 || 70
Accel:  +0.52  +0.15  +1.00 || 75       Gyro:  +99.94   +7.34   -0.18 || 75
Accel:  +0.62  +0.19  +0.95 || 80       Gyro:  +97.18  +11.40   -3.79 || 80
Accel:  +0.58  +0.17  +0.87 || 85       Gyro:  +96.13   +3.86   +8.56 || 85
Accel:  +0.62  +0.35  +1.09 || 90       Gyro:  +87.37  +20.08   -7.66 || 90
Accel:  +0.63  +0.21  +0.88 || 95       Gyro:  +72.21   +3.35   -8.98 || 95
Accel:  +0.57  +0.33  +0.95 || 100      Gyro:  +79.81   +9.63   -3.18 || 100
Accel:  +0.58  +0.23  +0.81 || 105      Gyro:  +93.09  +13.50   -0.42 || 105
Accel:  +0.52  +0.41  +0.96 || 110      Gyro:  +85.53   +2.98  +18.38 || 110
Accel:  +0.62  +0.34  +0.86 || 115      Gyro: +120.48  +13.69  +40.20 || 115
Accel:  +0.47  +0.46  +0.88 || 120      Gyro:  +91.33   -5.53  +18.89 || 120
Accel:  +0.64  +0.48  +0.86 || 125      Gyro: +125.90   +4.53   -2.25 || 125
Accel:  +0.53  +0.47  +0.76 || 130      Gyro: +134.72   -2.63  +26.69 || 130
Accel:  +0.59  +0.75  +0.88 || 135      Gyro: +119.73  +11.51   -6.07 || 135
Accel:  +0.53  +0.53  +0.64 || 140      Gyro: +121.13  -12.13  +21.92 || 140
Accel:  +0.67  +0.84  +0.74 || 145      Gyro: +128.70  +12.10   +8.56 || 145
Accel:  +0.51  +0.67  +0.56 || 150      Gyro: +112.86   -7.74   +4.22 || 150
Accel:  +0.67  +0.89  +0.65 || 155      Gyro:  +69.70  -14.37  +13.10 || 155
Accel:  +0.58  +0.67  +0.53 || 160      Gyro:  +98.37   -2.24   +6.32 || 160
Accel:  +0.59  +0.84  +0.55 || 165      Gyro:  +82.47   -8.90   +0.70 || 165
Accel:  +0.56  +0.74  +0.45 || 170      Gyro:  +98.96  -12.19   +5.08 || 170
Accel:  +0.62  +0.85  +0.48 || 175      Gyro:  +94.68  -15.98   -5.34 || 175
Accel:  +0.60  +0.72  +0.31 || 180      Gyro: +132.31  -10.72  -22.46 || 180
Accel:  +0.69  +1.12  +0.46 || 185      Gyro: +109.17  -11.17   -4.31 || 185
Accel:  +0.59  +0.94  +0.27 || 190      Gyro: +125.84   +1.55   +4.57 || 190
Accel:  +0.62  +1.08  +0.30 || 195      Gyro:  +83.76   -5.01   -7.92 || 195
Accel:  +0.64  +0.89  +0.17 || 200      Gyro:  +87.38   -7.75   -4.77 || 200
Accel:  +0.60  +0.98  +0.21 || 205      Gyro:  +72.43   -7.18   -5.85 || 205
Accel:  +0.70  +1.03  +0.20 || 210      Gyro:  +83.07   +7.14  -15.08 || 210
Accel:  +0.58  +0.94  +0.12 || 215      Gyro:  +79.44  +10.56   +3.79 || 215
Accel:  +0.63  +1.05  +0.16 || 220      Gyro:  +62.29   +4.94   +5.44 || 220
Accel:  +0.60  +0.90  +0.05 || 225      Gyro:  +73.73   -1.47   -3.29 || 225
Accel:  +0.55  +1.03  +0.17 || 230      Gyro:  +63.37  -20.57  -23.27 || 230
Accel:  +0.59  +1.01  +0.07 || 235      Gyro:  +49.01   -3.25  -23.05 || 235
Accel:  +0.56  +1.01  +0.10 || 240      Gyro:  +45.16   -2.31  -13.79 || 240
Accel:  +0.58  +0.99  +0.11 || 245      Gyro:  +31.63   +4.05   +4.50 || 245
Accel:  +0.51  +0.98  +0.14 || 250      Gyro:  +37.85   +2.17   -7.08 || 250
Accel:  +0.53  +0.99  +0.13 || 255      Gyro:  +33.97   +3.82   +2.34 || 255
Accel:  +0.52  +0.97  +0.15 || 260      Gyro:  +49.02   +1.37   +3.62 || 260
Accel:  +0.55  +1.00  +0.14 || 265      Gyro:  +47.69   -0.77   +1.31 || 265
Accel:  +0.53  +0.98  +0.15 || 270      Gyro:  +50.51   +0.57   -2.21 || 270
Accel:  +0.52  +0.99  +0.14 || 275      Gyro:  +47.34   +1.41   +5.44 || 275
Accel:  +0.50  +1.01  +0.16 || 280      Gyro:  +64.98   -0.40  +23.05 || 280
Accel:  +0.56  +1.00  +0.16 || 285      Gyro:  +46.70   -9.74   +2.48 || 285
Accel:  +0.59  +1.08  +0.15 || 290      Gyro:  +20.18  -13.01   +0.08 || 290
Accel:  +0.59  +1.03  +0.15 || 295      Gyro:  +17.77   -3.26  -17.85 || 295
Accel:  +0.58  +1.00  +0.26 || 300      Gyro:  +11.77   -4.17   +2.08 || 300
Accel:  +0.54  +0.94  +0.21 || 305      Gyro:  +15.53   -2.15   -5.57 || 305
Accel:  +0.59  +1.01  +0.27 || 310      Gyro:   +7.85   -0.94   -6.05 || 310
Accel:  +0.52  +0.91  +0.27 || 315      Gyro:   +3.17   -6.93   -4.40 || 315
Accel:  +0.51  +0.93  +0.32 || 320      Gyro:  -10.56   -6.75   +6.51 || 320
Accel:  +0.53  +0.89  +0.34 || 325      Gyro:   -9.73  -11.34  +11.67 || 325
Accel:  +0.57  +0.88  +0.39 || 330      Gyro:   -7.09   -4.10   +2.47 || 330
Accel:  +0.58  +0.90  +0.48 || 335      Gyro:  -12.46   -4.28  +13.44 || 335
Accel:  +0.58  +0.84  +0.53 || 340      Gyro:  -25.72   +0.38   -3.30 || 340
Accel:  +0.59  +0.82  +0.58 || 345      Gyro:  -36.14   -1.95   +0.73 || 345
Accel:  +0.54  +0.73  +0.60 || 350      Gyro:  -36.48   -4.15   -6.73 || 350
Accel:  +0.58  +0.69  +0.67 || 355      Gyro:  -47.31   -0.58   +1.37 || 355
Accel:  +0.55  +0.56  +0.70 || 360      Gyro:  -30.31   -2.31   -9.09 || 360
Accel:  +0.52  +0.55  +0.76 || 365      Gyro:  -10.83   +0.42   -6.34 || 365
Accel:  +0.54  +0.47  +0.76 || 370      Gyro:   -7.18   -0.50  -11.67 || 370
Accel:  +0.53  +0.48  +0.83 || 375      Gyro:   -5.27   -7.89  -11.45 || 375
Accel:  +0.58  +0.41  +0.82 || 380      Gyro:   +2.55  -16.44  -16.00 || 380
Accel:  +0.56  +0.38  +0.84 || 385      Gyro:   -2.80  -10.98   -6.13 || 385
Accel:  +0.59  +0.40  +0.88 || 390      Gyro:  -13.41   +1.14  -11.48 || 390
Accel:  +0.54  +0.33  +0.93 || 395      Gyro:   -1.44  +16.60  -12.49 || 395