Accel:  +0.53  -0.09  +0.97 || 0        Gyro:  +48.60   -4.93   -7.83 || 0
Accel:  +0.56  -0.09  +0.96 || 5        Gyro:  +56.52  -11.56   -3.92 || 5
Accel:  +0.60  -0.11  +0.91 || 10       Gyro:  +79.38   +3.86   +2.25 || 10
Accel:  +0.59  +0.01  +0.99 || 15       Gyro:  +84.17   -4.18   -1.05 || 15
Accel:  +0.64  -0.01  +0.98 || 20       Gyro:  +87.25   +8.76  +15.17 || 20
Accel:  +0.57  -0.01  +0.96 || 25       Gyro: +135.74  +11.69   +9.37 || 25
Accel:  +0.46  -0.08  +0.80 || 30       Gyro: +183.21   -9.74   -5.95 || 30
Accel:  +0.50  -0.05  +0.77 || 35       Gyro: +250.13  +21.69   +2.93 || 35
Accel:  +0.44  +0.47  +0.68 || 40       Gyro: +250.13  -22.67   +9.39 || 40
Accel:  +0.47  +0.98  +0.62 || 45       Gyro: +250.13   +5.43  +40.50 || 45
Accel:  +0.65  +0.93  +0.34 || 50       Gyro: +246.63   +1.17   +7.21 || 50
Accel:  +0.73  +0.87  +0.12 || 55       Gyro: +249.62  -27.95  +34.95 || 55
Accel:  +0.62  +0.99  -0.07 || 60       Gyro: +250.13  -13.52  +22.21 || 60
Accel:  +0.67  +1.20  -0.10 || 65       Gyro: +184.46  -15.88   +5.28 || 65
Accel:  +0.60  +1.07  -0.03 || 70       Gyro: +127.92  -13.40   -4.21 || 70
Accel:  +0.75  +1.06  -0.32 || 75       Gyro:  +80.56   +2.47  -19.83 || 75
Accel:  +0.55  +1.05  -0.20 || 80       Gyro:  +72.15   -4.51   -2.87 || 80
Accel:  +0.66  +1.14  -0.21 || 85       Gyro:  +55.63   -1.43  -13.11 || 85
Accel:  +0.57  +1.08  -0.19 || 90       Gyro:  +26.24   -0.98   +8.41 || 90
Accel:  +0.60  +0.98  -0.20 || 95       Gyro:  +42.00   -0.21   +9.17 || 95
Accel:  +0.64  +1.05  -0.16 || 100      Gyro:  +17.12   +7.49   +4.66 || 100
Accel:  +0.64  +1.02  -0.10 || 105      Gyro:  +16.62   +7.21  +20.58 || 105
Accel:  +0.65  +0.95  -0.12 || 110      Gyro:   +7.61   +7.52   -1.17 || 110
Accel:  +0.63  +1.17  +0.00 || 115      Gyro:  -17.64  +12.47  +17.18 || 115
Accel:  +0.66  +1.14  -0.01 || 120      Gyro:  -54.60  +13.60   +2.51 || 120
Accel:  +0.61  +1.17  +0.15 || 125      Gyro: -120.27  +19.15   +4.37 || 125
Accel:  +0.72  +1.01  +0.17 || 130      Gyro: -125.37  +30.24   +1.63 || 130
Accel:  +0.53  +0.85  +0.38 || 135      Gyro: -173.97   +2.35  -12.74 || 135
Accel:  +0.61  +0.83  +0.59 || 140      Gyro: -183.60   -0.94  -19.68 || 140
Accel:  +0.52  +0.64  +0.66 || 145      Gyro: -183.28  -34.20  -22.11 || 145
Accel:  +0.62  +0.40  +0.64 || 150      Gyro: -190.13  +17.49  -20.57 || 150
Accel:  +0.73  +0.34  +0.84 || 155      Gyro: -116.85  +10.14  +21.63 || 155
Accel:  +0.62  -0.09  +0.75 || 160      Gyro:  -68.40  +57.50  +12.50 || 160
Accel:  +0.51  -0.07  +0.78 || 165      Gyro:  -65.96  +20.63  +31.95 || 165
Accel:  +0.55  -0.11  +0.98 || 170      Gyro:   -5.80   +7.08   +9.94 || 170
Accel:  +0.48  -0.21  +0.85 || 175      Gyro:  +17.63   +4.52   -6.50 || 175
Accel:  +0.44  -0.13  +1.10 || 180      Gyro:  +59.24  -11.15   -0.26 || 180
Accel:  +0.64  -0.22  +0.94 || 185      Gyro:  +53.21   +7.78   -3.48 || 185
Accel:  +0.53  -0.04  +1.08 || 190      Gyro:  +60.60   -4.61   +7.94 || 190
Accel:  +0.59  -0.13  +0.95 || 195      Gyro:  +34.91   +5.81   -2.47 || 195
Accel:  +0.50  -0.07  +0.97 || 200      Gyro:  +56.56  +12.02  +20.02 || 200
Accel:  +0.56  -0.23  +0.72 || 205      Gyro:  +51.40  +25.70  +40.50 || 205
Accel:  +0.31  -0.01  +1.10 || 210      Gyro:  +13.94  +20.96  +40.44 || 210
Accel:  +0.36  +0.16  +1.06 || 215      Gyro: +112.61 +122.26 +146.26 || 215
Accel:  +0.46  -0.51  +0.73 || 220      Gyro:  +18.86 +141.82 +250.13 || 220
Accel:  +0.04  -0.56  +0.89 || 225      Gyro: +165.15 +107.60 +250.13 || 225
Accel:  +0.05  -0.22  +0.98 || 230      Gyro: +250.13  -45.16  +37.99 || 230
Accel:  +0.49  -0.05  +0.14 || 235      Gyro: +250.13  -17.87 +158.44 || 235
Accel:  +0.64  +0.27  -0.08 || 240      Gyro: +250.13  -33.51  +59.11 || 240
Accel:  -0.36  +2.00  -0.08 || 245      Gyro:  +49.58 +162.74 -250.14 || 245
Accel:  +0.47  +0.83  +0.03 || 250      Gyro:  +52.44  -27.97 +100.48 || 250
Accel:  +0.18  +0.97  +0.35 || 255      Gyro:  +46.19  +24.49  -62.04 || 255
Accel:  +0.36  +0.80  +0.25 || 260      Gyro:  +49.06   +0.26   +8.18 || 260
Accel:  +0.22  +0.89  +0.29 || 265      Gyro:  +45.99   +2.16   +6.62 || 265
Accel:  +0.20  +0.90  +0.31 || 270      Gyro:  +46.79   +2.76   -8.01 || 270
Accel:  +0.23  +0.91  +0.32 || 275      Gyro:  +44.69   +1.01  +17.53 || 275
Accel:  +0.24  +0.91  +0.32 || 280      Gyro:  +45.95   +2.76   -9.30 || 280
Accel:  +0.29  +0.90  +0.30 || 285      Gyro:  +47.46   +7.50  -10.39 || 285
Accel:  +0.26  +0.88  +0.30 || 290      Gyro:  +48.69   -0.86   +4.21 || 290
Accel:  +0.23  +0.89  +0.31 || 295      Gyro:  +48.35   -1.24   +5.79 || 295
Accel:  +0.27  +0.91  +0.31 || 300      Gyro:  +46.66   +1.14   -1.11 || 300
Accel:  +0.23  +0.90  +0.30 || 305      Gyro:  +48.53   +1.43   -0.21 || 305
Accel:  +0.25  +0.91  +0.31 || 310      Gyro:  +47.24   +2.27   -1.95 || 310
Accel:  +0.21  +0.89  +0.29 || 315      Gyro:  +47.24   +2.59   -4.86 || 315
Accel:  +0.26  +0.90  +0.31 || 320      Gyro:  +46.93   +1.57   -0.24 || 320
Accel:  +0.27  +0.90  +0.30 || 325      Gyro:  +46.02   -0.85   +7.40 || 325
Accel:  +0.27  +0.90  +0.30 || 330      Gyro:  +47.85   +0.13   +3.50 || 330
Accel:  +0.24  +0.89  +0.31 || 335      Gyro:  +47.94   +0.53   +2.82 || 335
Accel:  +0.24  +0.89  +0.33 || 340      Gyro:  +45.80   +1.68   -3.03 || 340
Accel:  +0.23  +0.87  +0.30 || 345      Gyro:  +49.01   -0.21   -0.31 || 345
Accel:  +0.27  +0.88  +0.29 || 350      Gyro:  +47.31   +0.88   +7.69 || 350
Accel:  +0.24  +0.90  +0.29 || 355      Gyro:  +47.21   +1.35   -0.44 || 355
Accel:  +0.28  +0.90  +0.31 || 360      Gyro:  +47.65   +0.20   +0.67 || 360
Accel:  +0.23  +0.89  +0.31 || 365      Gyro:  +48.34   +0.25   +0.41 || 365
Accel:  +0.22  +0.87  +0.29 || 370      Gyro:  +48.02   -0.27   +2.09 || 370
Accel:  +0.22  +0.89  +0.29 || 375      Gyro:  +49.27   -2.08   +8.58 || 375
Accel:  +0.22  +0.89  +0.31 || 380      Gyro:  +49.82   -2.12   +3.69 || 380
Accel:  +0.20  +0.91  +0.33 || 385      Gyro:  +49.00   +1.70   -5.85 || 385
Accel:  +0.20  +0.90  +0.32 || 390      Gyro:  +47.28   +2.44   -5.24 || 390
Accel:  +0.22  +0.89  +0.32 || 395      Gyro:  +46.73   +1.71   -4.53 || 395