Accel:  +0.30  -0.27  +0.87 || 0        Gyro:  +61.68  +70.35   +9.51 || 0
Accel:  +0.21  -0.22  +0.80 || 5        Gyro:  +70.47  +93.40  +10.73 || 5
Accel:  +0.12  -0.18  +0.71 || 10       Gyro:  +64.99  +83.81  +24.43 || 10
Accel:  -0.02  -0.11  +0.73 || 15       Gyro:  +65.76 +110.89  +17.87 || 15
Accel:  -0.11  -0.12  +0.61 || 20       Gyro:  +76.37 +118.23  +22.36 || 20
Accel:  -0.15  -0.10  +0.61 || 25       Gyro:  +44.79  +98.46  +49.83 || 25
Accel:  -0.26  -0.02  +0.48 || 30       Gyro:  +51.33 +101.91  +47.24 || 30
Accel:  -0.39  -0.01  +0.51 || 35       Gyro:  +58.63  +77.33  +57.78 || 35
Accel:  -0.39  +0.05  +0.56 || 40       Gyro:  +49.15  +68.93  +39.79 || 40
Accel:  -0.37  +0.02  +0.33 || 45       Gyro:  +44.61  +62.89  +45.64 || 45
Accel:  -0.41  +0.11  +0.32 || 50       Gyro:  +54.31  +78.19  +52.05 || 50
Accel:  -0.52  +0.20  +0.26 || 55       Gyro:  +52.50  +55.24  +50.24 || 55
Accel:  -0.51  +0.16  +0.34 || 60       Gyro:  +39.13  +41.36  +12.94 || 60
Accel:  -0.41  +0.13  +0.32 || 65       Gyro:  +41.56  +18.69  +20.72 || 65
Accel:  -0.45  +0.20  +0.35 || 70       Gyro:  +47.82  +13.42  +15.27 || 70
Accel:  -0.41  +0.22  +0.28 || 75       Gyro:  +41.56   +2.17  +12.73 || 75
Accel:  -0.40  +0.19  +0.22 || 80       Gyro:  +42.63  +13.15  +10.21 || 80
Accel:  -0.41  +0.19  +0.23 || 85       Gyro:  +44.48  +20.39  +17.38 || 85
Accel:  -0.45  +0.24  +0.22 || 90       Gyro:  +44.37  +16.29  +13.60 || 90
Accel:  -0.46  +0.24  +0.19 || 95       Gyro:  +39.60   +1.41   +5.22 || 95
Accel:  -0.44  +0.22  +0.15 || 100      Gyro:  +48.94   +5.29   +6.24 || 100
Accel:  -0.41  +0.24  +0.23 || 105      Gyro:  +48.80   +1.37   -2.70 || 105
Accel:  -0.41  +0.20  +0.17 || 110      Gyro:  +48.85   +2.63   +0.79 || 110
Accel:  -0.43  +0.24  +0.21 || 115      Gyro:  +52.51   +1.08   +7.10 || 115
Accel:  -0.45  +0.21  +0.21 || 120      Gyro:  +46.73   +8.89   -1.30 || 120
Accel:  -0.43  +0.24  +0.19 || 125      Gyro:  +49.62   +0.16   -1.10 || 125
Accel:  -0.41  +0.21  +0.20 || 130      Gyro:  +44.59   +6.18   -0.30 || 130
Accel:  -0.44  +0.23  +0.19 || 135      Gyro:  +50.52   -3.62   -1.63 || 135
Accel:  -0.43  +0.20  +0.16 || 140      Gyro:  +46.27   -6.75   -2.06 || 140
Accel:  -0.41  +0.24  +0.21 || 145      Gyro:  +50.36   -1.86   +1.54 || 145
Accel:  -0.43  +0.22  +0.18 || 150      Gyro:  +46.31   -3.12   -3.35 || 150
Accel:  -0.45  +0.23  +0.17 || 155      Gyro:  +50.14   +1.24   -2.92 || 155
Accel:  -0.45  +0.26  +0.22 || 160      Gyro:  +36.63  -15.19  -20.48 || 160
Accel:  -0.41  +0.13  +0.18 || 165      Gyro:  +31.54  -17.43  -26.93 || 165
Accel:  -0.43  +0.14  +0.26 || 170      Gyro:  +28.52  -29.00   -4.01 || 170
Accel:  -0.42  +0.14  +0.28 || 175      Gyro:  +33.67  -36.63   -8.39 || 175
Accel:  -0.35  +0.11  +0.28 || 180      Gyro:  +45.73  -22.37  -11.06 || 180
Accel:  -0.32  +0.11  +0.31 || 185      Gyro:  +49.67   -7.82   -5.48 || 185
Accel:  -0.34  +0.08  +0.27 || 190      Gyro:  +44.31   -4.38   +5.74 || 190
Accel:  -0.40  +0.15  +0.32 || 195      Gyro:  +49.34   +3.60   +7.18 || 195
Accel:  -0.44  +0.15  +0.30 || 200      Gyro:  +50.53   +3.28   +1.69 || 200
Accel:  -0.42  +0.16  +0.30 || 205      Gyro:  +49.64   -4.15   +1.34 || 205
Accel:  -0.41  +0.14  +0.29 || 210      Gyro:  +48.61   +2.35   -3.37 || 210
Accel:  -0.54  +0.19  +0.32 || 215      Gyro:  +36.13  -10.63   -0.76 || 215
Accel:  -0.76  +0.28  +0.33 || 220      Gyro:  +27.15  -38.92  -42.69 || 220
Accel:  -0.67  +0.23  +0.37 || 225      Gyro:   +8.98  -87.05  -73.01 || 225
Accel:  -0.45  +0.03  +0.33 || 230      Gyro:   +5.01 -172.61  -79.15 || 230
Accel:  -0.09  -0.01  +0.58 || 235      Gyro:  -21.82 -211.36  -58.10 || 235
Accel:  +0.07  -0.18  +0.59 || 240      Gyro:  -23.76 -214.38  -51.84 || 240
Accel:  +0.17  -0.25  +0.68 || 245      Gyro:   +6.02 -149.69  -50.76 || 245
Accel:  +0.24  -0.32  +0.74 || 250      Gyro:   +4.58 -105.44  -41.15 || 250
Accel:  +0.40  -0.43  +0.77 || 255      Gyro:  +27.73  -68.93  -36.73 || 255
Accel:  +0.48  -0.47  +0.81 || 260      Gyro:  +37.10  -43.08  -22.61 || 260
Accel:  +0.43  -0.41  +0.86 || 265      Gyro:  +40.81  -26.12   -6.47 || 265
Accel:  +0.41  -0.41  +0.82 || 270      Gyro:  +41.90   -4.78   -6.30 || 270
Accel:  +0.37  -0.38  +0.90 || 275      Gyro:  +35.69   -7.52   +4.43 || 275
Accel:  +0.37  -0.38  +0.89 || 280      Gyro:  +47.02   -2.37   -0.60 || 280
Accel:  +0.38  -0.39  +0.93 || 285      Gyro:  +38.74  -19.56   +0.97 || 285
Accel:  +0.38  -0.39  +0.84 || 290      Gyro:  +50.85  -11.11   -3.94 || 290
Accel:  +0.40  -0.40  +0.86 || 295      Gyro:  +48.69   -5.94   -0.37 || 295
Accel:  +0.39  -0.41  +0.84 || 300      Gyro:  +52.32   +9.65   -3.05 || 300
Accel:  +0.36  -0.38  +0.87 || 305      Gyro:  +36.82  +13.62   +6.63 || 305
Accel:  +0.38  -0.40  +0.91 || 310      Gyro:  +51.41   +8.85   +1.39 || 310
Accel:  +0.38  -0.39  +0.88 || 315      Gyro:  +52.77   +4.34   +3.40 || 315
Accel:  +0.35  -0.39  +0.88 || 320      Gyro:  +53.02   +2.08   +3.43 || 320
Accel:  +0.33  -0.38  +0.88 || 325      Gyro:  +52.03   +1.18   +2.50 || 325
Accel:  +0.35  -0.38  +0.87 || 330      Gyro:  +48.62   -0.37   +1.43 || 330
Accel:  +0.35  -0.38  +0.87 || 335      Gyro:  +50.53   +1.40   +0.73 || 335
Accel:  +0.35  -0.39  +0.88 || 340      Gyro:  +48.68   +0.74   +1.69 || 340
Accel:  +0.34  -0.38  +0.87 || 345      Gyro:  +46.31   +5.21   +6.22 || 345
Accel:  +0.36  -0.36  +0.87 || 350      Gyro:  +47.39   +3.14   +0.03 || 350
Accel:  +0.34  -0.39  +0.90 || 355      Gyro:  +44.85   -1.72   -0.34 || 355
Accel:  +0.33  -0.38  +0.87 || 360      Gyro:  +46.41   +1.05   +2.66 || 360
Accel:  +0.34  -0.40  +0.86 || 365      Gyro:  +49.44   +4.24   +1.56 || 365
Accel:  +0.30  -0.38  +0.87 || 370      Gyro:  +45.44   +0.38   +4.75 || 370
Accel:  +0.33  -0.38  +0.87 || 375      Gyro:  +48.25   -1.15   -1.85 || 375
Accel:  +0.34  -0.39  +0.86 || 380      Gyro:  +49.52   -4.16   -5.81 || 380
Accel:  +0.35  -0.39  +0.88 || 385      Gyro:  +49.72   +1.36   +0.87 || 385
Accel:  +0.35  -0.39  +0.88 || 390      Gyro:  +49.12   +2.59   +0.57 || 390
Accel:  +0.33  -0.38  +0.86 || 395      Gyro:  +50.33   +1.46   +0.50 || 395