Accel:  -0.57  +0.12  +0.37 || 0        Gyro:  +84.62  +41.48  +90.18 || 0
Accel:  -0.67  +0.19  +0.54 || 5        Gyro: +110.68  +33.76  +16.69 || 5
Accel:  -0.62  +0.11  +0.58 || 10       Gyro:  +68.37  -24.82  -29.79 || 10
Accel:  -0.46  -0.03  +0.35 || 15       Gyro:  +24.60  -28.60  -39.37 || 15
Accel:  -0.28  -0.07  +0.34 || 20       Gyro:  +66.53  -25.58  -14.45 || 20
Accel:  -0.16  -0.05  +0.39 || 25       Gyro:  +84.37   +4.76  +11.95 || 25
Accel:  -0.27  +0.12  +0.49 || 30       Gyro: +104.72  -17.97  +19.84 || 30
Accel:  -0.40  +0.18  +0.62 || 35       Gyro: +105.86  -29.34  +21.60 || 35
Accel:  -0.51  +0.22  +0.71 || 40       Gyro:  +68.42  -33.66   +8.99 || 40
Accel:  -0.26  +0.32  +0.56 || 45       Gyro:  +29.85  -22.44   -8.67 || 45
Accel:  -0.21  +0.17  +0.60 || 50       Gyro:  +54.63  -36.92   +7.38 || 50
Accel:  -0.19  +0.10  +0.65 || 55       Gyro:  +27.12  -12.31   -5.51 || 55
Accel:  -0.22  +0.17  +0.52 || 60       Gyro:  +32.37   -9.89   -1.96 || 60
Accel:  -0.32  +0.16  +0.64 || 65       Gyro:  +32.81  -20.11  -39.42 || 65
Accel:  -0.21  +0.07  +0.70 || 70       Gyro:   +1.34   -0.65  -46.58 || 70
Accel:  -0.27  +0.12  +0.48 || 75       Gyro:  +33.84  -17.72  -28.20 || 75
Accel:  -0.22  -0.01  +0.64 || 80       Gyro:  +44.60  -13.08  -44.91 || 80
Accel:  -0.11  -0.04  +0.62 || 85       Gyro:  +33.47  -12.34  -32.08 || 85
Accel:  -0.18  -0.04  +0.61 || 90       Gyro:  +42.82  -20.34  -17.73 || 90
Accel:  -0.20  -0.09  +0.72 || 95       Gyro:  +38.52   -4.22   -5.80 || 95
Accel:  -0.22  -0.03  +0.65 || 100      Gyro:  +32.15   +2.19   -2.66 || 100
Accel:  -0.17  -0.04  +0.59 || 105      Gyro:  +53.18   -7.67  -22.26 || 105
Accel:  -0.08  -0.13  +0.72 || 110      Gyro:  +45.17   -0.13   -2.90 || 110
Accel:  -0.17  -0.06  +0.60 || 115      Gyro:  +47.18   -7.73   +5.21 || 115
Accel:  -0.18  -0.11  +0.70 || 120      Gyro:  +54.17   -3.79   +3.79 || 120
Accel:  -0.16  -0.07  +0.68 || 125      Gyro:  +48.04   -0.31   +1.02 || 125
Accel:  -0.15  -0.11  +0.67 || 130      Gyro:  +49.70   -0.53  +10.69 || 130
Accel:  -0.14  -0.03  +0.65 || 135      Gyro:  +53.17   -6.33  +26.43 || 135
Accel:  -0.15  -0.04  +0.71 || 140      Gyro:  +55.03  -15.62  +14.19 || 140
Accel:  -0.17  -0.03  +0.68 || 145      Gyro:  +48.56   -5.05  +10.84 || 145
Accel:  -0.18  -0.03  +0.67 || 150      Gyro:  +51.45   -6.73   +1.56 || 150
Accel:  -0.16  -0.06  +0.73 || 155      Gyro:  +48.05   -3.99   +1.02 || 155
Accel:  -0.15  -0.04  +0.68 || 160      Gyro:  +47.90   -0.79   +4.44 || 160
Accel:  -0.12  -0.02  +0.67 || 165      Gyro:  +55.41   -1.54  +27.05 || 165
Accel:  -0.10  +0.02  +0.69 || 170      Gyro:  +56.11  -14.91  +11.69 || 170
Accel:  -0.10  -0.00  +0.75 || 175      Gyro:  +55.69   -5.78  +15.07 || 175
Accel:  -0.18  +0.03  +0.71 || 180      Gyro:  +51.60   -6.72  +14.58 || 180
Accel:  -0.20  +0.05  +0.72 || 185      Gyro:  +51.53   -4.28   -3.08 || 185
Accel:  -0.10  -0.01  +0.76 || 190      Gyro:  +43.92   +8.66   -4.01 || 190
Accel:  -0.11  +0.05  +0.65 || 195      Gyro:  +46.68   +3.56   +6.08 || 195
Accel:  -0.15  +0.04  +0.71 || 200      Gyro:  +57.32   +1.52   +4.34 || 200
Accel:  -0.16  +0.02  +0.76 || 205      Gyro:  +48.37   +6.20   -1.32 || 205
Accel:  -0.15  +0.03  +0.71 || 210      Gyro:  +38.64   +9.62   -5.48 || 210
Accel:  -0.13  +0.02  +0.66 || 215      Gyro:  +45.98   -0.91   -7.17 || 215
Accel:  -0.12  -0.00  +0.71 || 220      Gyro:  +46.87   -2.40   -3.11 || 220
Accel:  -0.14  +0.01  +0.71 || 225      Gyro:  +49.10   -0.20   +1.61 || 225
Accel:  -0.17  +0.00  +0.72 || 230      Gyro:  +45.28   -2.13   +2.16 || 230
Accel:  -0.15  +0.04  +0.69 || 235      Gyro:  +44.33   +2.36   +3.60 || 235
Accel:  -0.13  -0.01  +0.69 || 240      Gyro:  +47.62   -0.69   -2.77 || 240
Accel:  -0.13  +0.02  +0.67 || 245      Gyro:  +50.15   -1.73   +0.19 || 245
Accel:  -0.12  -0.00  +0.71 || 250      Gyro:  +47.83   -3.07   +0.52 || 250
Accel:  -0.14  +0.01  +0.72 || 255      Gyro:  +48.92   -4.40   +5.62 || 255
Accel:  -0.18  +0.03  +0.74 || 260      Gyro:  +45.67   -0.87   -2.37 || 260
Accel:  -0.15  -0.00  +0.70 || 265      Gyro:  +43.70   -0.15   -4.22 || 265
Accel:  -0.14  -0.00  +0.68 || 270      Gyro:  +45.71   -2.04   -2.98 || 270
Accel:  -0.15  -0.03  +0.72 || 275      Gyro:  +45.22   -2.22   -5.92 || 275
Accel:  -0.13  -0.01  +0.68 || 280      Gyro:  +47.37   -1.07   -2.18 || 280
Accel:  -0.10  -0.00  +0.73 || 285      Gyro:  +50.10   -2.53   -5.57 || 285
Accel:  -0.09  -0.03  +0.73 || 290      Gyro:  +46.85   -3.30   +2.15 || 290
Accel:  -0.22  -0.07  +0.78 || 295      Gyro:  +36.63  -11.58   +7.66 || 295
Accel:  -0.48  -0.09  +0.91 || 300      Gyro:  +20.98  -56.57  -22.98 || 300
Accel:  -0.51  -0.05  +0.91 || 305      Gyro:   -8.67  -20.34  -46.56 || 305
Accel:  -0.23  -0.10  +0.69 || 310      Gyro:  -29.53  -38.51  -78.92 || 310
Accel:  +0.10  -0.24  +0.53 || 315      Gyro:  -23.84  -61.02  -58.13 || 315
Accel:  +0.22  -0.25  +0.53 || 320      Gyro:  +46.01 -108.10  -30.11 || 320
Accel:  +0.26  -0.26  +0.72 || 325      Gyro:  +72.29  -63.34  -12.30 || 325
Accel:  +0.37  -0.25  +0.89 || 330      Gyro:  +67.05  -35.95  -19.19 || 330
Accel:  +0.33  -0.24  +0.92 || 335      Gyro:  +42.45  -24.85  -15.78 || 335
Accel:  +0.32  -0.24  +0.92 || 340      Gyro:  +41.54  -30.48   -7.93 || 340
Accel:  +0.31  -0.24  +0.91 || 345      Gyro:  +44.40  -23.47   -8.05 || 345
Accel:  +0.34  -0.28  +0.88 || 350      Gyro:  +42.64  -22.33  -12.89 || 350
Accel:  +0.36  -0.31  +0.89 || 355      Gyro:  +47.69  -18.18   -5.72 || 355
Accel:  +0.34  -0.30  +0.91 || 360      Gyro:  +45.30  -15.13   -5.11 || 360
Accel:  +0.37  -0.29  +0.89 || 365      Gyro:  +43.42  -12.93   -7.16 || 365
Accel:  +0.40  -0.33  +0.93 || 370      Gyro:  +45.23   -7.24   -2.32 || 370
Accel:  +0.36  -0.30  +0.92 || 375      Gyro:  +48.31   -3.80   +3.38 || 375
Accel:  +0.36  -0.31  +0.92 || 380      Gyro:  +44.39   -4.91   +0.04 || 380
Accel:  +0.37  -0.32  +0.90 || 385      Gyro:  +46.16   -2.11   +2.37 || 385
Accel:  +0.34  -0.32  +0.90 || 390      Gyro:  +45.42   -1.90   +1.45 || 390
Accel:  +0.35  -0.32  +0.89 || 395      Gyro:  +47.82   +2.36   +0.75 || 395