Accel:  +0.51  +0.17  +1.03 || 0        Gyro:  +43.30  +40.77   +2.34 || 0
Accel:  +0.61  +0.12  +0.99 || 5        Gyro:  +23.05  +91.41   -1.44 || 5
Accel:  +0.48  -0.05  +0.87 || 10       Gyro:  +40.79 +138.64   -0.26 || 10
Accel:  +0.38  +0.06  +0.86 || 15       Gyro:  +21.09 +129.33  +24.89 || 15
Accel:  +0.19  +0.20  +0.81 || 20       Gyro:  +11.18 +142.94   +9.77 || 20
Accel:  +0.33  -0.00  +0.59 || 25       Gyro:   +7.11 +192.02  +44.31 || 25
Accel:  +0.03  +0.20  +0.37 || 30       Gyro:   -8.45 +250.13  +46.26 || 30
Accel:  -0.39  +0.18  +0.01 || 35       Gyro:  -24.02 +250.13 +107.21 || 35
Accel:  -0.73  +0.12  -0.16 || 40       Gyro:  +13.50 +250.13  +53.83 || 40
Accel:  -0.90  +0.12  -0.25 || 45       Gyro:  +34.51 +154.55  +12.89 || 45
Accel:  -0.70  +0.10  -0.29 || 50       Gyro:  +58.36  +43.85   +9.08 || 50
Accel:  -0.60  +0.08  -0.27 || 55       Gyro:  +59.44  -10.84   -9.22 || 55
Accel:  -0.70  +0.20  -0.14 || 60       Gyro:  +73.48  -67.34  -14.79 || 60
Accel:  -0.62  +0.17  -0.09 || 65       Gyro:  +97.48 -149.14   -2.31 || 65
Accel:  -0.76  +0.13  +0.00 || 70       Gyro:  +86.16 -188.35  -45.64 || 70
Accel:  -0.51  +0.02  +0.05 || 75       Gyro:  +87.26 -250.14  -44.86 || 75
Accel:  -0.59  +0.08  +0.26 || 80       Gyro: +111.74 -165.80  -79.02 || 80
Accel:  +0.01  -0.05  +0.34 || 85       Gyro:  +86.12 -213.11  -53.54 || 85
Accel:  -0.01  +0.11  +0.53 || 90       Gyro:  +67.53 -250.14  -27.81 || 90
Accel:  +0.29  +0.05  +0.67 || 95       Gyro: +146.44 -250.14   +7.53 || 95
Accel:  +0.69  +0.26  +0.84 || 100      Gyro: +140.45 -227.75   +3.76 || 100
Accel:  +0.63  +0.29  +0.90 || 105      Gyro:  +62.44 -183.34  -28.81 || 105
Accel:  +0.68  +0.23  +1.08 || 110      Gyro:  +48.54 -132.87  -43.05 || 110
Accel:  +0.96  +0.22  +0.88 || 115      Gyro:  +22.88  -86.44  -53.15 || 115
Accel:  +1.00  +0.06  +0.68 || 120      Gyro:  +35.95  -73.58  -31.02 || 120
Accel:  +1.06  +0.16  +0.82 || 125      Gyro:  +42.45   +3.90   +0.68 || 125
Accel:  +0.96  +0.18  +0.95 || 130      Gyro:  +26.69   +7.93   +2.98 || 130
Accel:  +0.88  +0.10  +0.91 || 135      Gyro:  +30.89  +25.54   +7.87 || 135
Accel:  +0.87  +0.11  +0.89 || 140      Gyro:  +41.73  +23.24  +21.44 || 140
Accel:  +0.77  +0.09  +1.00 || 145      Gyro:  +23.78  +30.15  +14.76 || 145
Accel:  +0.77  +0.02  +0.88 || 150      Gyro:  +42.83  +10.47   +4.82 || 150
Accel:  +0.74  +0.06  +0.97 || 155      Gyro:  +44.04   +3.98   +3.03 || 155
Accel:  +0.79  +0.02  +0.94 || 160      Gyro:  +42.14  +11.61   -2.94 || 160
Accel:  +0.77  +0.05  +0.95 || 165      Gyro:  +51.24   +6.41   -6.90 || 165
Accel:  +0.78  +0.12  +0.94 || 170      Gyro:  +46.84  +34.78   +6.65 || 170
Accel:  +0.80  -0.00  +0.91 || 175      Gyro:  +52.56  +27.11   +0.03 || 175
Accel:  +0.75  +0.09  +0.98 || 180      Gyro:  +52.24  +45.60   -1.54 || 180
Accel:  +0.75  +0.08  +0.95 || 185      Gyro:  +38.28  +68.57   -0.14 || 185
Accel:  +0.78  +0.09  +0.95 || 190      Gyro:  +43.11  +76.34  +20.60 || 190
Accel:  +0.78  +0.12  +0.89 || 195      Gyro:  +39.76 +151.21  +18.48 || 195
Accel:  +0.52  +0.04  +0.82 || 200      Gyro:  +27.02 +195.54  +11.37 || 200
Accel:  +0.15  +0.07  +0.85 || 205      Gyro:  +18.98 +166.53   +9.55 || 205
Accel:  +0.34  +0.02  +0.72 || 210      Gyro:   +6.48 +187.18   +6.86 || 210
Accel:  +0.03  +0.04  +0.49 || 215      Gyro:   -5.27 +234.86  +76.20 || 215
Accel:  -0.23  -0.07  +0.42 || 220      Gyro:   -6.53 +250.13  +42.29 || 220
Accel:  -0.50  -0.10  +0.24 || 225      Gyro:   -3.65 +165.45  +56.75 || 225
Accel:  -0.50  +0.03  +0.17 || 230      Gyro:   +2.43 +152.44  +59.71 || 230
Accel:  -0.61  +0.00  +0.07 || 235      Gyro:  +35.07 +128.21  +24.99 || 235
Accel:  -0.72  +0.06  -0.02 || 240      Gyro:  +33.08  +98.59  +20.69 || 240
Accel:  -0.53  +0.06  -0.06 || 245      Gyro:  +39.38  +62.03  +40.11 || 245
Accel:  -0.61  +0.08  -0.14 || 250      Gyro:  +43.60  +33.14  +52.18 || 250
Accel:  -0.71  +0.12  -0.12 || 255      Gyro:  +49.32  -10.88  +18.19 || 255
Accel:  -0.84  +0.13  -0.08 || 260      Gyro:  +63.32  -60.43  -27.17 || 260
Accel:  -0.88  +0.14  -0.05 || 265      Gyro:  +65.62 -240.60   -9.05 || 265
Accel:  -0.64  +0.29  +0.09 || 270      Gyro:  +92.66 -250.14  -85.69 || 270
Accel:  -0.60  +0.12  +0.22 || 275      Gyro:  +55.95 -250.14  -76.08 || 275
Accel:  -0.25  -0.15  +0.17 || 280      Gyro:  +79.47 -250.14  -80.13 || 280
Accel:  +0.11  +0.19  +0.73 || 285      Gyro: +108.34 -235.51  -71.34 || 285
Accel:  +0.89  +0.02  +0.64 || 290      Gyro:  +63.96 -216.60  -26.47 || 290
Accel:  +0.68  +0.20  +0.78 || 295      Gyro:  +68.55 -117.47   +1.13 || 295
Accel:  +0.71  -0.03  +1.05 || 300      Gyro:  +87.63  -59.85   -0.90 || 300
Accel:  +0.61  +0.17  +1.04 || 305      Gyro:  +68.44  -22.85  -15.62 || 305
Accel:  +0.60  +0.17  +1.00 || 310      Gyro:  +56.95   -6.50   -5.40 || 310
Accel:  +0.60  +0.15  +1.00 || 315      Gyro:  +49.58  +16.11   -0.24 || 315
Accel:  +0.38  +0.11  +1.02 || 320      Gyro:  +48.84  +19.26  -13.51 || 320
Accel:  +0.47  +0.09  +0.95 || 325      Gyro:  +43.52   +6.00   -3.21 || 325
Accel:  +0.43  +0.10  +0.95 || 330      Gyro:  +39.44   +7.80   -2.26 || 330
Accel:  +0.42  +0.05  +0.93 || 335      Gyro:  +52.66   +9.85   -2.34 || 335
Accel:  +0.39  +0.12  +1.03 || 340      Gyro:  +47.79  +11.20   -5.34 || 340
Accel:  +0.40  +0.07  +0.97 || 345      Gyro:  +58.47  +27.09  -37.80 || 345
Accel:  +0.36  +0.04  +0.93 || 350      Gyro:  +52.43  +17.26  -60.98 || 350
Accel:  +0.33  +0.09  +0.92 || 355      Gyro:  +54.67   -4.37  -12.48 || 355
Accel:  +0.43  +0.18  +0.96 || 360      Gyro:  +11.78  -19.83  -27.09 || 360
Accel:  +0.54  -0.22  +0.77 || 365      Gyro:  +85.50  +18.59  -20.34 || 365
Accel:  +0.58  +0.36  +1.03 || 370      Gyro:  +92.40   +1.89   +7.07 || 370
Accel:  -0.26  -0.08  +1.19 || 375      Gyro:  -29.78  -14.67  -17.88 || 375
Accel:  +0.08  -0.39  +1.25 || 380      Gyro:  +43.37  +28.65 +104.15 || 380
Accel:  +0.37  -0.29  +0.63 || 385      Gyro: +194.55 -126.45  -83.07 || 385
Accel:  +0.53  -0.08  +0.43 || 390      Gyro: +250.13  -28.25  -14.03 || 390
Accel:  +0.38  -0.01  +0.47 || 395      Gyro: +250.13  -63.05   +2.53 || 395