Accel:  -0.19  +0.47  +0.41 || 0        Gyro:  +56.79  -10.50  +20.14 || 0
Accel:  -0.27  +0.58  +0.43 || 5        Gyro:  +66.34   +9.38  +19.04 || 5
Accel:  -0.18  +0.58  +0.27 || 10       Gyro:  +53.08  +18.49  +23.98 || 10
Accel:  -0.15  +0.55  +0.26 || 15       Gyro:  +56.69  +33.55  +47.73 || 15
Accel:  -0.22  +0.67  +0.22 || 20       Gyro:  +59.47  +33.77  +32.83 || 20
Accel:  -0.09  +0.58  +0.23 || 25       Gyro:  +64.40  +27.91  +53.08 || 25
Accel:  -0.43  +0.88  +0.20 || 30       Gyro:  +60.35  +28.06  +39.16 || 30
Accel:  -0.12  +0.72  +0.10 || 35       Gyro:  +37.48   -2.56  +13.97 || 35
Accel:  -0.24  +0.80  +0.17 || 40       Gyro:  +43.87   +4.11  +20.65 || 40
Accel:  -0.06  +0.67  +0.22 || 45       Gyro:  +46.57   -7.95  +10.43 || 45
Accel:  -0.18  +0.72  +0.24 || 50       Gyro:  +49.11   +3.45  +20.36 || 50
Accel:  -0.08  +0.68  +0.18 || 55       Gyro:  +42.15   -8.82   -0.15 || 55
Accel:  -0.10  +0.72  +0.17 || 60       Gyro:  +38.72  -10.15   -2.28 || 60
Accel:  -0.12  +0.75  +0.21 || 65       Gyro:  +44.83  -14.67   -7.98 || 65
Accel:  -0.11  +0.75  +0.23 || 70       Gyro:  +47.46   -9.17   -5.32 || 70
Accel:  -0.09  +0.74  +0.24 || 75       Gyro:  +47.04   -8.10   -2.73 || 75
Accel:  -0.07  +0.70  +0.26 || 80       Gyro:  +44.55   -7.63   -3.46 || 80
Accel:  -0.12  +0.71  +0.26 || 85       Gyro:  +50.53   -8.13   -2.42 || 85
Accel:  -0.09  +0.71  +0.25 || 90       Gyro:  +47.16  -12.92   -8.59 || 90
Accel:  -0.10  +0.70  +0.23 || 95       Gyro:  +48.07   -5.02   +2.64 || 95
Accel:  -0.12  +0.71  +0.27 || 100      Gyro:  +45.66   -8.60   -3.53 || 100
Accel:  -0.12  +0.72  +0.24 || 105      Gyro:  +47.81   -9.47   -5.52 || 105
Accel:  -0.11  +0.72  +0.28 || 110      Gyro:  +46.68  -11.63   -6.79 || 110
Accel:  -0.11  +0.71  +0.29 || 115      Gyro:  +48.93  -11.46   -9.73 || 115
Accel:  -0.09  +0.70  +0.27 || 120      Gyro:  +47.55  -16.18  -11.53 || 120
Accel:  -0.13  +0.69  +0.29 || 125      Gyro:  +46.59  -12.08   -9.91 || 125
Accel:  -0.10  +0.68  +0.29 || 130      Gyro:  +44.98   -7.92   -8.40 || 130
Accel:  -0.16  +0.69  +0.32 || 135      Gyro:  +43.19  -11.35  -11.92 || 135
Accel:  -0.17  +0.69  +0.31 || 140      Gyro:  +43.96  -19.60  -20.09 || 140
Accel:  -0.23  +0.69  +0.28 || 145      Gyro:  +39.74  -28.57  -37.76 || 145
Accel:  -0.21  +0.75  +0.42 || 150      Gyro:  +30.40 -114.88 -123.13 || 150
Accel:  -0.12  +0.49  +0.46 || 155      Gyro:   +4.88 -117.95 -116.39 || 155
Accel:  -0.26  +0.53  +0.53 || 160      Gyro:  +13.06 -147.24 -150.97 || 160
Accel:  -0.12  +0.34  +0.55 || 165      Gyro:  -13.19  -97.79 -111.50 || 165
Accel:  -0.02  +0.21  +0.68 || 170      Gyro:   +9.39  -82.25  -83.67 || 170
Accel:  +0.07  +0.14  +0.67 || 175      Gyro:  +13.63  -70.09  -67.45 || 175
Accel:  +0.16  +0.10  +0.73 || 180      Gyro:  +35.37  -34.29  -37.27 || 180
Accel:  +0.13  +0.09  +0.79 || 185      Gyro:  +44.82  -23.95  -26.58 || 185
Accel:  +0.08  +0.06  +0.81 || 190      Gyro:  +54.11  -18.58  -15.45 || 190
Accel:  -0.00  +0.09  +0.83 || 195      Gyro:  +50.85  -35.08  -28.66 || 195
Accel:  +0.09  +0.01  +0.82 || 200      Gyro:  +47.53  -15.68  -14.02 || 200
Accel:  +0.06  +0.05  +0.90 || 205      Gyro:  +51.33   +1.14   -2.44 || 205
Accel:  +0.11  +0.01  +0.85 || 210      Gyro:  +43.53   +7.32   +2.30 || 210
Accel:  +0.02  +0.07  +0.86 || 215      Gyro:  +52.73  +18.05  +14.89 || 215
Accel:  +0.08  +0.05  +0.83 || 220      Gyro:  +49.73  +22.12  +13.78 || 220
Accel:  -0.01  +0.09  +0.81 || 225      Gyro:  +47.11  +25.34  +13.91 || 225
Accel:  -0.03  +0.09  +0.78 || 230      Gyro:  +48.69  +15.69  +15.81 || 230
Accel:  -0.08  +0.10  +0.80 || 235      Gyro:  +43.34  +15.17   +8.20 || 235
Accel:  -0.06  +0.11  +0.81 || 240      Gyro:  +46.43  +12.44  +11.16 || 240
Accel:  -0.04  +0.08  +0.74 || 245      Gyro:  +45.32   +6.38   +1.56 || 245
Accel:  -0.02  +0.08  +0.77 || 250      Gyro:  +45.99   +9.50   +4.49 || 250
Accel:  -0.05  +0.08  +0.76 || 255      Gyro:  +47.43   +6.44   +5.78 || 255
Accel:  -0.10  +0.11  +0.76 || 260      Gyro:  +47.12   +1.76   +3.24 || 260
Accel:  -0.06  +0.09  +0.76 || 265      Gyro:  +48.33   +3.28   +0.84 || 265
Accel:  -0.08  +0.09  +0.73 || 270      Gyro:  +50.93   +1.03   -2.78 || 270
Accel:  -0.04  +0.09  +0.78 || 275      Gyro:  +55.10   +1.35   +2.60 || 275
Accel:  -0.06  +0.10  +0.79 || 280      Gyro:  +48.12   -1.09   -1.34 || 280
Accel:  -0.06  +0.09  +0.77 || 285      Gyro:  +49.24   +3.40   -0.05 || 285
Accel:  -0.04  +0.09  +0.77 || 290      Gyro:  +50.08   +5.56   +2.45 || 290
Accel:  -0.04  +0.09  +0.75 || 295      Gyro:  +52.08   +6.65   +4.01 || 295
Accel:  -0.03  +0.09  +0.76 || 300      Gyro:  +52.56  +17.05   +8.15 || 300
Accel:  -0.05  +0.12  +0.77 || 305      Gyro:  +52.68  +11.23  +11.58 || 305
Accel:  -0.09  +0.12  +0.74 || 310      Gyro:  +46.22  +12.50   +9.98 || 310
Accel:  -0.14  +0.14  +0.70 || 315      Gyro:  +51.16  +10.93   +8.40 || 315
Accel:  -0.13  +0.13  +0.69 || 320      Gyro:  +52.69   +5.38   +2.85 || 320
Accel:  -0.11  +0.14  +0.72 || 325      Gyro:  +56.33   +4.95   +5.67 || 325
Accel:  -0.08  +0.13  +0.71 || 330      Gyro:  +53.29   +6.05   +1.60 || 330
Accel:  -0.09  +0.13  +0.73 || 335      Gyro:  +53.63   +2.09   +2.68 || 335
Accel:  -0.08  +0.14  +0.76 || 340      Gyro:  +51.79   +3.05   +4.60 || 340
Accel:  -0.10  +0.16  +0.75 || 345      Gyro:  +49.21   +5.52   +4.11 || 345
Accel:  -0.13  +0.17  +0.71 || 350      Gyro:  +44.83   +2.96   +1.98 || 350
Accel:  -0.14  +0.17  +0.70 || 355      Gyro:  +45.27   +3.24   +0.62 || 355
Accel:  -0.11  +0.14  +0.66 || 360      Gyro:  +46.63   +3.38   -0.21 || 360
Accel:  -0.12  +0.15  +0.69 || 365      Gyro:  +48.33   +4.17   +1.76 || 365
Accel:  -0.12  +0.14  +0.67 || 370      Gyro:  +49.05   +1.80   -0.15 || 370
Accel:  -0.13  +0.16  +0.70 || 375      Gyro:  +49.67   +5.41   +1.48 || 375
Accel:  -0.11  +0.15  +0.72 || 380      Gyro:  +48.11   +4.63   +1.36 || 380
Accel:  -0.11  +0.15  +0.70 || 385      Gyro:  +47.80   +4.37   +0.45 || 385
Accel:  -0.14  +0.15  +0.69 || 390      Gyro:  +51.88   +1.93   +1.02 || 390
Accel:  -0.12  +0.15  +0.70 || 395      Gyro:  +47.68   -0.53   +1.60 || 395