Accel:  +0.22  -0.16  +0.75 || 0        Gyro:  +91.63 +170.43   -3.05 || 0
Accel:  +0.06  -0.11  +0.70 || 5        Gyro: +109.43 +179.76  +19.29 || 5
Accel:  -0.20  +0.00  +0.65 || 10       Gyro: +110.87 +170.04  +58.18 || 10
Accel:  -0.42  +0.17  +0.48 || 15       Gyro: +107.96 +137.79  +50.85 || 15
Accel:  -0.45  +0.19  +0.38 || 20       Gyro: +127.69  +81.08  +65.86 || 20
Accel:  -0.50  +0.40  +0.28 || 25       Gyro:  +70.34  +67.84  +82.61 || 25
Accel:  -0.64  +0.53  +0.29 || 30       Gyro:  +34.02  +45.40  +39.58 || 30
Accel:  -0.44  +0.36  +0.34 || 35       Gyro:  +41.11  +33.67   -7.44 || 35
Accel:  -0.22  +0.17  +0.27 || 40       Gyro:  +46.06  +24.84   -2.98 || 40
Accel:  -0.26  +0.24  +0.21 || 45       Gyro:  +39.94  +14.00  +35.06 || 45
Accel:  -0.36  +0.33  +0.36 || 50       Gyro:  +48.46   +1.92  +34.61 || 50
Accel:  -0.38  +0.37  +0.37 || 55       Gyro:  +56.63  +12.66  +24.08 || 55
Accel:  -0.38  +0.39  +0.39 || 60       Gyro:  +50.05  +15.14  +15.31 || 60
Accel:  -0.34  +0.36  +0.29 || 65       Gyro:  +43.25  +14.84   +2.04 || 65
Accel:  -0.33  +0.39  +0.24 || 70       Gyro:  +41.08  +15.78   -6.75 || 70
Accel:  -0.36  +0.37  +0.20 || 75       Gyro:  +38.38  +17.13  -14.63 || 75
Accel:  -0.41  +0.33  +0.15 || 80       Gyro:  +31.05   +6.65  -11.66 || 80
Accel:  -0.43  +0.34  +0.20 || 85       Gyro:  +26.72   -2.55  -15.04 || 85
Accel:  -0.42  +0.30  +0.20 || 90       Gyro:  +38.72   +0.25  -16.53 || 90
Accel:  -0.36  +0.26  +0.24 || 95       Gyro:  +39.11   -5.99   -9.08 || 95
Accel:  -0.34  +0.25  +0.25 || 100      Gyro:  +44.85   +0.82   +1.34 || 100
Accel:  -0.37  +0.27  +0.25 || 105      Gyro:  +47.38   +0.47   +5.43 || 105
Accel:  -0.36  +0.28  +0.21 || 110      Gyro:  +51.15   +2.95   +6.48 || 110
Accel:  -0.33  +0.29  +0.26 || 115      Gyro:  +48.59   +1.39   +2.48 || 115
Accel:  -0.43  +0.30  +0.23 || 120      Gyro:  +47.40   -1.01   +1.22 || 120
Accel:  -0.39  +0.28  +0.26 || 125      Gyro:  +38.98   +6.37   +1.42 || 125
Accel:  -0.40  +0.27  +0.27 || 130      Gyro:  +47.95   +3.80   -6.60 || 130
Accel:  -0.36  +0.26  +0.26 || 135      Gyro:  +39.88   -2.26   -1.89 || 135
Accel:  -0.39  +0.28  +0.20 || 140      Gyro:  +49.19   -4.08   +0.94 || 140
Accel:  -0.40  +0.28  +0.22 || 145      Gyro:  +48.89   -1.69   +2.43 || 145
Accel:  -0.41  +0.29  +0.22 || 150      Gyro:  +52.79   +2.11   -0.92 || 150
Accel:  -0.39  +0.27  +0.23 || 155      Gyro:  +55.08   -1.02   -7.24 || 155
Accel:  -0.39  +0.27  +0.24 || 160      Gyro:  +49.96   -9.40   -0.86 || 160
Accel:  -0.40  +0.25  +0.25 || 165      Gyro:  +55.82  -12.68   -4.25 || 165
Accel:  -0.38  +0.27  +0.29 || 170      Gyro:  +54.17  -16.34   -4.63 || 170
Accel:  -0.37  +0.26  +0.28 || 175      Gyro:  +56.69  -17.31   -6.40 || 175
Accel:  -0.36  +0.25  +0.27 || 180      Gyro:  +52.28  -17.16   -1.85 || 180
Accel:  -0.37  +0.27  +0.28 || 185      Gyro:  +51.91   -6.81   +0.78 || 185
Accel:  -0.37  +0.28  +0.30 || 190      Gyro:  +49.53   -7.27   +1.21 || 190
Accel:  -0.36  +0.26  +0.32 || 195      Gyro:  +50.78   -4.38   -1.63 || 195
Accel:  -0.36  +0.27  +0.32 || 200      Gyro:  +48.34   -6.37   +0.02 || 200
Accel:  -0.38  +0.26  +0.31 || 205      Gyro:  +50.75   -7.95   -0.63 || 205
Accel:  -0.37  +0.30  +0.39 || 210      Gyro:  +46.27  -12.84   -0.05 || 210
Accel:  -0.48  +0.44  +0.53 || 215      Gyro:   -0.09  -73.13  +13.42 || 215
Accel:  -0.64  +0.40  +0.37 || 220      Gyro:  -28.80  -97.90   -4.22 || 220
Accel:  -0.54  +0.32  +0.42 || 225      Gyro:   -0.12  -94.14  -41.86 || 225
Accel:  -0.35  +0.27  +0.59 || 230      Gyro:  -10.79 -134.58  -61.98 || 230
Accel:  -0.22  +0.17  +0.64 || 235      Gyro:  -25.05 -185.34  -66.56 || 235
Accel:  -0.06  +0.05  +0.66 || 240      Gyro:  -30.45 -188.82  -70.38 || 240
Accel:  +0.14  -0.07  +0.64 || 245      Gyro:  -35.05 -197.06  -75.88 || 245
Accel:  +0.43  -0.26  +0.66 || 250      Gyro:   +0.69 -183.20  -80.92 || 250
Accel:  +0.60  -0.36  +0.70 || 255      Gyro:   +3.44 -111.29  -45.18 || 255
Accel:  +0.67  -0.39  +0.71 || 260      Gyro:  +11.16  -94.53  -40.76 || 260
Accel:  +0.76  -0.40  +0.76 || 265      Gyro:  +23.03  -53.05  -26.95 || 265
Accel:  +0.79  -0.38  +0.85 || 270      Gyro:  +40.13   -6.13  -26.73 || 270
Accel:  +0.85  -0.38  +0.91 || 275      Gyro:  +55.95   -7.24  -23.73 || 275
Accel:  +0.79  -0.34  +0.93 || 280      Gyro:  +58.76   -4.82  -10.50 || 280
Accel:  +0.79  -0.33  +0.95 || 285      Gyro:  +53.16   -2.62   +0.79 || 285
Accel:  +0.73  -0.30  +0.92 || 290      Gyro:  +54.37   +6.27   +3.34 || 290
Accel:  +0.68  -0.31  +0.89 || 295      Gyro:  +53.11  +14.30   +7.76 || 295
Accel:  +0.68  -0.31  +0.91 || 300      Gyro:  +47.89   +3.09   +6.69 || 300
Accel:  +0.66  -0.31  +0.88 || 305      Gyro:  +50.05   +6.76   +5.76 || 305
Accel:  +0.64  -0.30  +0.89 || 310      Gyro:  +51.76  +11.52   +1.28 || 310
Accel:  +0.65  -0.30  +0.93 || 315      Gyro:  +52.11   +9.35   -1.65 || 315
Accel:  +0.62  -0.29  +0.93 || 320      Gyro:  +50.45   +8.44   -1.02 || 320
Accel:  +0.64  -0.29  +0.90 || 325      Gyro:  +47.08   -0.93   -1.53 || 325
Accel:  +0.64  -0.31  +0.91 || 330      Gyro:  +48.02   -0.22   -0.69 || 330
Accel:  +0.66  -0.31  +0.91 || 335      Gyro:  +46.77   -4.02   -2.16 || 335
Accel:  +0.67  -0.31  +0.92 || 340      Gyro:  +46.95   +1.21   +3.63 || 340
Accel:  +0.67  -0.32  +0.91 || 345      Gyro:  +48.44   -4.56   +0.60 || 345
Accel:  +0.64  -0.31  +0.91 || 350      Gyro:  +48.55   +3.89   +2.77 || 350
Accel:  +0.64  -0.30  +0.91 || 355      Gyro:  +47.95   +6.32   +4.15 || 355
Accel:  +0.64  -0.31  +0.91 || 360      Gyro:  +49.40   +5.65   +3.54 || 360
Accel:  +0.64  -0.31  +0.91 || 365      Gyro:  +49.17   -0.18   +2.49 || 365
Accel:  +0.63  -0.31  +0.91 || 370      Gyro:  +48.76   -0.39   +3.05 || 370
Accel:  +0.63  -0.31  +0.93 || 375      Gyro:  +48.98   +3.19   +3.24 || 375
Accel:  +0.62  -0.31  +0.92 || 380      Gyro:  +48.92   -1.41   +1.98 || 380
Accel:  +0.61  -0.31  +0.91 || 385      Gyro:  +53.05   +3.80   +2.01 || 385
Accel:  +0.64  -0.31  +0.91 || 390      Gyro:  +50.65   +2.95   +4.46 || 390
Accel:  +0.62  -0.30  +0.92 || 395      Gyro:  +48.51   -2.83   +0.96 || 395