Accel:  +0.57  -0.01  +0.95 || 0        Gyro:  +43.19   +3.37   -2.87 || 0
Accel:  +0.58  +0.05  +0.98 || 5        Gyro:  +46.98   +2.88   -0.68 || 5
Accel:  +0.63  +0.05  +0.98 || 10       Gyro:  +41.96   +6.08   -9.34 || 10
Accel:  +0.56  +0.06  +1.00 || 15       Gyro:  +44.61  +14.10   -8.66 || 15
Accel:  +0.56  -0.01  +0.98 || 20       Gyro:  +39.75   +4.06  +14.72 || 20
Accel:  +0.56  +0.06  +0.99 || 25       Gyro:  +42.10   +7.42   -1.51 || 25
Accel:  +0.59  +0.02  +1.00 || 30       Gyro:  +38.60  +15.81   -7.97 || 30
Accel:  +0.55  +0.00  +0.94 || 35       Gyro:  +41.26   +8.22   +6.69 || 35
Accel:  +0.59  -0.03  +0.97 || 40       Gyro:  +45.63   +8.62   -0.47 || 40
Accel:  +0.55  +0.01  +0.98 || 45       Gyro:  +44.21  +30.73  -11.13 || 45
Accel:  +0.56  -0.02  +0.99 || 50       Gyro:  +38.68  +36.88   +1.22 || 50
Accel:  +0.49  +0.03  +1.01 || 55       Gyro:  +35.51  +44.02  +30.74 || 55
Accel:  +0.38  -0.09  +0.97 || 60       Gyro:  +23.15  +56.10  +57.85 || 60
Accel:  +0.36  -0.09  +0.87 || 65       Gyro:  +40.71  +46.40   -6.11 || 65
Accel:  +0.34  -0.05  +0.93 || 70       Gyro:  +48.90  +37.64  -31.24 || 70
Accel:  +0.42  +0.03  +1.00 || 75       Gyro:  +40.36  +50.82   +4.17 || 75
Accel:  +0.23  -0.05  +0.90 || 80       Gyro:  +23.53  +95.15  +57.11 || 80
Accel:  +0.11  -0.08  +0.89 || 85       Gyro:  +41.68  +47.40  +29.36 || 85
Accel:  +0.18  -0.01  +0.91 || 90       Gyro:  +45.98  +76.58   +6.89 || 90
Accel:  +0.04  -0.10  +0.81 || 95       Gyro:  +51.60  +65.92  +32.32 || 95
Accel:  +0.09  -0.07  +0.82 || 100      Gyro:  +61.57 +107.30  +27.52 || 100
Accel:  +0.09  -0.07  +0.63 || 105      Gyro:  +73.92 +149.53  +58.97 || 105
Accel:  -0.35  +0.27  +0.73 || 110      Gyro:  +88.86 +146.94  +42.76 || 110
Accel:  -0.20  +0.18  +0.58 || 115      Gyro:  +87.01 +221.67  +33.33 || 115
Accel:  -0.43  +0.09  +0.34 || 120      Gyro:  +61.17 +100.48   +8.20 || 120
Accel:  -0.41  +0.05  +0.24 || 125      Gyro:  +63.92  +95.81  -23.47 || 125
Accel:  -0.36  +0.01  +0.18 || 130      Gyro:  +43.10  +85.57  -71.37 || 130
Accel:  -0.32  -0.07  +0.08 || 135      Gyro:  +33.79 +110.79  -72.92 || 135
Accel:  -0.44  -0.02  +0.05 || 140      Gyro:  +42.26  +63.56  +10.92 || 140
Accel:  -0.36  -0.10  -0.12 || 145      Gyro:  +33.18 +137.20  -26.76 || 145
Accel:  -0.71  -0.04  -0.14 || 150      Gyro:   +3.32  +84.23  -77.02 || 150
Accel:  -0.20  -0.26  -0.22 || 155      Gyro:  +24.73  +33.11  +81.71 || 155
Accel:  -0.54  -0.12  -0.25 || 160      Gyro:  +24.28  +28.63   +6.71 || 160
Accel:  -0.47  -0.17  -0.34 || 165      Gyro:  +38.67  +14.92  +45.92 || 165
Accel:  -0.49  -0.02  -0.27 || 170      Gyro:  +34.40  +15.15  +58.17 || 170
Accel:  -0.46  -0.01  -0.26 || 175      Gyro:  +31.44  +32.15  +43.61 || 175
Accel:  -0.51  +0.02  -0.33 || 180      Gyro:  +33.85  +26.14  +20.62 || 180
Accel:  -0.59  +0.00  -0.35 || 185      Gyro:  +44.85   -3.09   -4.69 || 185
Accel:  -0.50  +0.03  -0.31 || 190      Gyro:  +51.66  -21.61  -24.10 || 190
Accel:  -0.56  -0.01  -0.33 || 195      Gyro:  +68.74  -39.71  -28.18 || 195
Accel:  -0.47  -0.06  -0.30 || 200      Gyro:  +68.49  -36.84  -60.15 || 200
Accel:  -0.46  -0.13  -0.30 || 205      Gyro:  +82.99  -61.59  -58.79 || 205
Accel:  -0.56  -0.13  -0.14 || 210      Gyro:  +88.98  -83.15  -42.77 || 210
Accel:  -0.36  -0.40  -0.40 || 215      Gyro: +109.87 -183.61  +18.38 || 215
Accel:  -0.46  -0.13  +0.01 || 220      Gyro: +100.07 -119.73  -62.58 || 220
Accel:  -0.34  -0.24  +0.18 || 225      Gyro: +107.63 -134.93  -29.11 || 225
Accel:  -0.31  -0.12  +0.41 || 230      Gyro:  +66.65  -74.37  -50.26 || 230
Accel:  -0.30  -0.20  +0.48 || 235      Gyro:  +70.56  -92.40  -16.63 || 235
Accel:  -0.20  -0.24  +0.47 || 240      Gyro:  +57.10  -79.25  -21.82 || 240
Accel:  -0.17  -0.21  +0.54 || 245      Gyro:  +79.55  -86.21   -6.62 || 245
Accel:  -0.21  -0.21  +0.59 || 250      Gyro:  +80.87  -84.35  +21.56 || 250
Accel:  -0.14  -0.18  +0.66 || 255      Gyro:  +73.84  -77.39  +32.26 || 255
Accel:  -0.12  -0.19  +0.66 || 260      Gyro:  +73.62  -77.91  +19.66 || 260
Accel:  -0.10  -0.22  +0.74 || 265      Gyro:  +82.85  -81.82  -25.66 || 265
Accel:  -0.61  +0.06  +0.97 || 270      Gyro:  +69.85  -21.63 +209.63 || 270
Accel:  +0.09  -0.08  +0.82 || 275      Gyro:  +78.52  -68.60  +11.34 || 275
Accel:  +0.20  -0.02  +0.81 || 280      Gyro:  +79.24  -69.02  -41.81 || 280
Accel:  +0.16  -0.03  +0.89 || 285      Gyro:  +76.73  -52.34  -10.60 || 285
Accel:  +0.24  -0.00  +0.93 || 290      Gyro:  +61.94  -42.78  +22.69 || 290
Accel:  +0.18  -0.01  +0.88 || 295      Gyro:  +77.44  -62.41   -9.60 || 295
Accel:  +0.23  +0.00  +0.93 || 300      Gyro:  +71.54  -65.17  +20.68 || 300
Accel:  +0.28  -0.02  +0.93 || 305      Gyro:  +71.87  -46.62   -1.12 || 305
Accel:  +0.35  +0.01  +0.95 || 310      Gyro:  +82.94  -44.02  +11.11 || 310
Accel:  +0.50  +0.09  +0.96 || 315      Gyro:  +66.52  -26.13  -19.41 || 315
Accel:  +0.40  +0.07  +0.98 || 320      Gyro:  +61.77  -15.33  +31.55 || 320
Accel:  +0.52  +0.07  +0.96 || 325      Gyro:  +58.55  -45.99   +8.27 || 325
Accel:  +0.38  +0.20  +1.02 || 330      Gyro:  +29.42  -35.73  +21.44 || 330
Accel:  +0.65  +0.06  +0.94 || 335      Gyro:  +14.76  -85.29  +17.02 || 335
Accel:  +0.60  -0.01  +0.90 || 340      Gyro:  +32.14  -32.65  +21.92 || 340
Accel:  +0.65  -0.03  +0.94 || 345      Gyro:  +72.81   -4.76   +3.36 || 345
Accel:  +0.63  +0.02  +0.94 || 350      Gyro:  +60.07   -5.23  -20.66 || 350
Accel:  +0.59  +0.09  +1.02 || 355      Gyro:  +58.35   -9.93   -7.42 || 355
Accel:  +0.62  +0.08  +0.99 || 360      Gyro:  +50.98  -17.03   +4.36 || 360
Accel:  +0.61  +0.12  +1.01 || 365      Gyro:  +45.94  -21.11   +7.48 || 365
Accel:  +0.67  +0.07  +0.95 || 370      Gyro:  +39.00  -13.56   -7.71 || 370
Accel:  +0.61  +0.05  +0.93 || 375      Gyro:  +33.54   -6.65  +13.50 || 375
Accel:  +0.67  +0.04  +0.97 || 380      Gyro:  +36.47   +2.84   +0.56 || 380
Accel:  +0.59  +0.08  +1.02 || 385      Gyro:  +56.46   -0.87   +1.21 || 385
Accel:  +0.67  +0.05  +0.94 || 390      Gyro:  +53.82   +7.08   +3.20 || 390
Accel:  +0.66  +0.10  +0.99 || 395      Gyro:  +53.82   -5.84   +4.42 || 395