Accel:  +0.44  +0.03  +1.01 || 0        Gyro:  +49.69   +8.19   -0.52 || 0
Accel:  +0.41  -0.00  +0.98 || 5        Gyro:  +49.96   +5.81   -2.99 || 5
Accel:  +0.43  +0.02  +0.97 || 10       Gyro:  +51.12   +7.14   -1.13 || 10
Accel:  +0.43  +0.00  +0.99 || 15       Gyro:  +47.82   +9.26   -3.30 || 15
Accel:  +0.42  -0.01  +0.95 || 20       Gyro:  +48.26   +7.99   -7.68 || 20
Accel:  +0.43  +0.01  +0.97 || 25       Gyro:  +48.96  +15.76  -14.08 || 25
Accel:  +0.45  -0.01  +0.97 || 30       Gyro:  +52.04  +20.95   -6.02 || 30
Accel:  +0.38  +0.06  +1.02 || 35       Gyro:  +51.89  +51.15   +6.15 || 35
Accel:  +0.36  -0.00  +0.94 || 40       Gyro:  +46.56  +59.47   +0.87 || 40
Accel:  +0.25  +0.01  +0.94 || 45       Gyro:  +41.90  +48.29   +2.06 || 45
Accel:  +0.23  +0.04  +0.94 || 50       Gyro:  +34.50  +31.50   +0.15 || 50
Accel:  +0.26  -0.02  +0.90 || 55       Gyro:  +32.43  +52.19   +3.28 || 55
Accel:  +0.40  -0.05  +0.90 || 60       Gyro:  +23.73  +81.08  +27.95 || 60
Accel:  +0.24  -0.01  +0.83 || 65       Gyro:  +38.15 +103.88  +30.11 || 65
Accel:  -0.16  +0.02  +0.75 || 70       Gyro:  +38.08  +89.82  +21.39 || 70
Accel:  -0.07  -0.03  +0.80 || 75       Gyro:  +41.66  +58.45  +33.37 || 75
Accel:  -0.05  -0.03  +0.71 || 80       Gyro:  +56.97  +90.22  +14.53 || 80
Accel:  -0.08  -0.03  +0.67 || 85       Gyro:  +87.06  +95.85  +28.88 || 85
Accel:  -0.24  +0.11  +0.64 || 90       Gyro:  +80.48 +119.29  +38.57 || 90
Accel:  -0.22  +0.07  +0.47 || 95       Gyro:  +85.77 +142.98  +22.64 || 95
Accel:  -0.24  +0.05  +0.35 || 100      Gyro:  +68.53 +172.66  +42.94 || 100
Accel:  -0.57  +0.22  +0.36 || 105      Gyro:  +57.04 +144.80  +81.58 || 105
Accel:  -0.60  +0.31  +0.10 || 110      Gyro:  +69.24 +137.90  +11.42 || 110
Accel:  -0.42  +0.18  -0.14 || 115      Gyro:  +54.60  +89.24  +18.27 || 115
Accel:  -0.43  +0.17  -0.10 || 120      Gyro:  +59.82  +66.38  +55.54 || 120
Accel:  -0.44  +0.24  -0.16 || 125      Gyro:  +67.27  +68.47  +45.71 || 125
Accel:  -0.41  +0.25  -0.03 || 130      Gyro:  +24.56   +5.61  -10.08 || 130
Accel:  -0.53  +0.53  -0.25 || 135      Gyro:  +39.31  +30.60  +35.08 || 135
Accel:  -0.49  +0.42  -0.18 || 140      Gyro:  +35.89   +8.73  +34.73 || 140
Accel:  -0.44  +0.41  -0.14 || 145      Gyro:  +51.20  +10.79  +18.17 || 145
Accel:  -0.44  +0.42  -0.21 || 150      Gyro:  +45.10  -14.63   -7.63 || 150
Accel:  -0.41  +0.41  -0.15 || 155      Gyro:  +45.41  -15.75  -16.28 || 155
Accel:  -0.54  +0.40  -0.09 || 160      Gyro:  +49.45  -59.01  -30.47 || 160
Accel:  -0.58  +0.41  -0.01 || 165      Gyro:   -0.44 -233.79  -58.46 || 165
Accel:  -0.44  +0.33  +0.07 || 170      Gyro:   -0.69 -189.64  -71.73 || 170
Accel:  -0.49  +0.27  +0.24 || 175      Gyro:   +1.30 -167.11  -44.50 || 175
Accel:  -0.44  +0.18  +0.39 || 180      Gyro:   +2.09 -142.29  -85.56 || 180
Accel:  -0.30  +0.09  +0.45 || 185      Gyro:  +14.08 -141.02  -82.20 || 185
Accel:  -0.05  +0.06  +0.60 || 190      Gyro:  +22.40 -107.73  -69.48 || 190
Accel:  -0.15  -0.02  +0.65 || 195      Gyro:  +35.19 -120.10  -58.40 || 195
Accel:  +0.03  -0.04  +0.75 || 200      Gyro:  +37.76 -135.90  -55.30 || 200
Accel:  +0.10  -0.08  +0.77 || 205      Gyro:  +32.04 -134.75  -62.82 || 205
Accel:  +0.27  -0.11  +0.90 || 210      Gyro:  +31.85 -134.98  -51.74 || 210
Accel:  +0.39  -0.03  +0.95 || 215      Gyro:  +60.79  -97.73  -33.40 || 215
Accel:  +0.48  -0.12  +0.91 || 220      Gyro:  +69.82  -54.04  -52.82 || 220
Accel:  +0.50  -0.04  +0.97 || 225      Gyro:  +58.98  -63.99  -27.53 || 225
Accel:  +0.55  +0.01  +1.03 || 230      Gyro:  +54.80  -37.99  -30.26 || 230
Accel:  +0.66  -0.13  +0.98 || 235      Gyro:  +65.20   -4.50   +0.31 || 235
Accel:  +0.55  -0.08  +0.96 || 240      Gyro:  +39.65  -46.47  +17.74 || 240
Accel:  +0.63  -0.12  +0.98 || 245      Gyro:  +51.86   -1.51  +11.00 || 245
Accel:  +0.60  -0.10  +0.98 || 250      Gyro:  +39.52   +2.08   +0.05 || 250
Accel:  +0.56  -0.12  +0.97 || 255      Gyro:  +50.21   +3.51   +4.83 || 255
Accel:  +0.60  -0.13  +0.96 || 260      Gyro:  +52.20   +7.50  +11.94 || 260
Accel:  +0.56  -0.10  +0.97 || 265      Gyro:  +53.24   +0.46   +8.69 || 265
Accel:  +0.56  -0.10  +0.96 || 270      Gyro:  +50.92   +2.44   +7.77 || 270
Accel:  +0.56  -0.10  +0.96 || 275      Gyro:  +47.85   +4.43   +3.22 || 275
Accel:  +0.55  -0.11  +0.95 || 280      Gyro:  +50.56   +6.15   +2.95 || 280
Accel:  +0.53  -0.11  +0.95 || 285      Gyro:  +51.33  -11.26   +5.24 || 285
Accel:  +0.55  -0.10  +0.95 || 290      Gyro:  +57.85  -13.98   +1.40 || 290
Accel:  +0.60  -0.06  +1.01 || 295      Gyro:  +46.89  +13.57   -4.76 || 295
Accel:  +0.54  -0.07  +0.99 || 300      Gyro:  +43.43  +14.55   +0.72 || 300
Accel:  +0.54  -0.10  +0.97 || 305      Gyro:  +42.79   +0.72   -7.27 || 305
Accel:  +0.54  -0.10  +0.95 || 310      Gyro:  +48.60   +2.21   -6.53 || 310
Accel:  +0.53  -0.10  +0.96 || 315      Gyro:  +49.13   +6.15   +0.39 || 315
Accel:  +0.55  -0.09  +0.97 || 320      Gyro:  +51.56   +2.34   +3.77 || 320
Accel:  +0.56  -0.09  +0.97 || 325      Gyro:  +48.84   +8.02   -2.28 || 325
Accel:  +0.52  -0.06  +1.00 || 330      Gyro:  +43.47   +6.35   -0.05 || 330
Accel:  +0.51  -0.13  +0.93 || 335      Gyro:  +49.95   +3.85   -1.53 || 335
Accel:  +0.50  -0.09  +0.98 || 340      Gyro:  +49.56   +1.76   +1.28 || 340
Accel:  +0.49  -0.10  +0.97 || 345      Gyro:  +48.37   +6.61   +0.01 || 345
Accel:  +0.50  -0.10  +0.98 || 350      Gyro:  +47.12   +3.93   -2.25 || 350
Accel:  +0.51  -0.10  +0.98 || 355      Gyro:  +48.00   +1.25   -0.16 || 355
Accel:  +0.51  -0.10  +0.97 || 360      Gyro:  +48.47   +2.67   +0.89 || 360
Accel:  +0.49  -0.10  +0.97 || 365      Gyro:  +47.27   +1.89   -2.66 || 365
Accel:  +0.51  -0.10  +0.97 || 370      Gyro:  +50.11   +2.64   +4.54 || 370
Accel:  +0.51  -0.09  +0.98 || 375      Gyro:  +48.69   +3.44   +1.24 || 375
Accel:  +0.49  -0.10  +0.97 || 380      Gyro:  +49.75   -1.01   +1.63 || 380
Accel:  +0.48  -0.09  +0.99 || 385      Gyro:  +45.54   -2.33   -1.08 || 385
Accel:  +0.50  -0.10  +0.98 || 390      Gyro:  +46.30   -5.08   -1.55 || 390
Accel:  +0.49  -0.08  +0.98 || 395      Gyro:  +49.15   +2.80   -1.01 || 395