Accel:  +0.55  +0.09  +1.01 || 0        Gyro:  +25.31  +38.53   -7.79 || 0
Accel:  +0.43  -0.07  +0.97 || 5        Gyro:  +44.95   +5.97   +6.95 || 5
Accel:  +0.53  +0.02  +0.97 || 10       Gyro:  +48.11   -7.09   -2.56 || 10
Accel:  +0.54  +0.01  +0.95 || 15       Gyro:  +45.38   +3.90   -6.87 || 15
Accel:  +0.50  +0.10  +1.02 || 20       Gyro:  +50.67   -3.14   +2.28 || 20
Accel:  +0.53  -0.03  +0.95 || 25       Gyro:  +39.11  +14.88   -1.04 || 25
Accel:  +0.39  -0.02  +0.96 || 30       Gyro:  +41.92   +9.95  -13.92 || 30
Accel:  +0.42  +0.10  +1.06 || 35       Gyro:  +40.39   +8.97   -9.47 || 35
Accel:  +0.53  +0.03  +0.95 || 40       Gyro:  +43.56   +6.42  +13.43 || 40
Accel:  +0.50  +0.01  +0.99 || 45       Gyro:  +30.19  +34.27   +8.71 || 45
Accel:  +0.42  -0.03  +0.96 || 50       Gyro:  +58.32  +19.89  +27.30 || 50
Accel:  +0.45  -0.02  +0.96 || 55       Gyro:  +50.76  +31.61   +9.18 || 55
Accel:  +0.43  +0.03  +0.98 || 60       Gyro:  +38.88  +41.36  +25.82 || 60
Accel:  +0.43  -0.01  +0.96 || 65       Gyro:  +21.85  +94.18  +23.76 || 65
Accel:  +0.28  -0.05  +0.91 || 70       Gyro:  +24.44 +124.88   -6.61 || 70
Accel:  +0.11  -0.03  +0.82 || 75       Gyro:  +33.25 +111.27  +32.36 || 75
Accel:  -0.08  -0.07  +0.84 || 80       Gyro:  +29.05  +64.53  +25.11 || 80
Accel:  -0.00  -0.09  +0.77 || 85       Gyro:  +31.28  +79.37   +6.77 || 85
Accel:  +0.07  -0.07  +0.68 || 90       Gyro:  +28.19 +105.27  -20.00 || 90
Accel:  -0.11  -0.07  +0.66 || 95       Gyro:  +15.69 +124.08   -6.76 || 95
Accel:  -0.16  -0.09  +0.61 || 100      Gyro:  +23.31 +103.69  +11.74 || 100
Accel:  -0.39  -0.09  +0.58 || 105      Gyro:  +19.48 +103.10   +5.19 || 105
Accel:  -0.27  -0.08  +0.46 || 110      Gyro:  +20.06  +83.25  +42.45 || 110
Accel:  -0.38  -0.12  +0.35 || 115      Gyro:  +21.11  +93.70  +34.51 || 115
Accel:  -0.32  -0.03  +0.29 || 120      Gyro:  +45.37  +68.94 +100.89 || 120
Accel:  -0.39  -0.01  +0.20 || 125      Gyro:  +55.22  +96.80  +65.47 || 125
Accel:  -0.48  +0.04  +0.07 || 130      Gyro:  +52.21  +82.07  +88.10 || 130
Accel:  -0.48  +0.14  +0.04 || 135      Gyro:  +42.69  +91.66  +27.21 || 135
Accel:  -0.55  +0.16  -0.02 || 140      Gyro:  +51.56  +75.34   +0.63 || 140
Accel:  -0.46  +0.13  -0.04 || 145      Gyro:  +44.21  +57.20  +14.02 || 145
Accel:  -0.49  +0.14  -0.08 || 150      Gyro:  +42.00  +43.68   -3.41 || 150
Accel:  -0.49  +0.15  -0.09 || 155      Gyro:  +49.54  +14.31  +22.34 || 155
Accel:  -0.48  +0.12  -0.18 || 160      Gyro:  +51.73  -13.67  +17.61 || 160
Accel:  -0.51  +0.15  -0.13 || 165      Gyro:  +35.07   +4.92   +2.29 || 165
Accel:  -0.50  +0.17  -0.11 || 170      Gyro:  +44.11   +1.34   +5.05 || 170
Accel:  -0.44  +0.16  -0.13 || 175      Gyro:  +43.59   +1.08   +7.08 || 175
Accel:  -0.48  +0.18  -0.11 || 180      Gyro:  +45.05   -7.76   +7.41 || 180
Accel:  -0.47  +0.17  -0.12 || 185      Gyro:  +41.44  +10.31   -4.95 || 185
Accel:  -0.48  +0.18  -0.09 || 190      Gyro:  +46.54   -3.03   -6.21 || 190
Accel:  -0.50  +0.17  -0.09 || 195      Gyro:  +45.85   -9.30   +0.53 || 195
Accel:  -0.49  +0.18  -0.07 || 200      Gyro:  +45.82  -10.18  -10.69 || 200
Accel:  -0.49  +0.15  -0.08 || 205      Gyro:  +44.26  -26.28   -6.40 || 205
Accel:  -0.59  +0.13  -0.07 || 210      Gyro:  +46.14  -42.18  -24.92 || 210
Accel:  -0.61  +0.12  +0.02 || 215      Gyro:  +43.18 -100.55  -29.18 || 215
Accel:  -0.43  +0.09  +0.06 || 220      Gyro:  +58.09  -92.05  -12.95 || 220
Accel:  -0.37  +0.03  +0.04 || 225      Gyro:  +64.56  -94.72  -25.89 || 225
Accel:  -0.43  +0.09  +0.24 || 230      Gyro:  +38.90  -45.15  -73.93 || 230
Accel:  -0.29  -0.06  +0.13 || 235      Gyro:  +53.68  -77.53  -27.15 || 235
Accel:  -0.44  +0.00  +0.37 || 240      Gyro:  +42.07  -33.13  -28.82 || 240
Accel:  -0.47  -0.06  +0.39 || 245      Gyro:  +52.85  -99.56   +0.99 || 245
Accel:  -0.31  -0.06  +0.43 || 250      Gyro:  +58.18  -84.50  -12.73 || 250
Accel:  -0.38  -0.04  +0.50 || 255      Gyro:  +53.66  -76.84  -18.70 || 255
Accel:  -0.31  -0.06  +0.54 || 260      Gyro:  +55.10  -79.84  -35.29 || 260
Accel:  -0.21  -0.09  +0.56 || 265      Gyro:  +49.48  -67.66  -37.94 || 265
Accel:  -0.09  -0.10  +0.64 || 270      Gyro:  +47.69  -46.11  -44.08 || 270
Accel:  -0.12  -0.16  +0.66 || 275      Gyro:  +50.44  -43.75  -32.28 || 275
Accel:  -0.12  -0.15  +0.71 || 280      Gyro:  +57.92  -62.07   +8.05 || 280
Accel:  -0.24  -0.16  +0.76 || 285      Gyro:  +48.87  -53.11   -9.11 || 285
Accel:  -0.02  -0.15  +0.73 || 290      Gyro:  +71.24  -94.33  -18.65 || 290
Accel:  +0.07  -0.07  +0.88 || 295      Gyro:  +69.92  -89.42   +9.75 || 295
Accel:  +0.10  -0.09  +0.87 || 300      Gyro:  +61.27  -83.72  -23.60 || 300
Accel:  +0.17  -0.12  +0.90 || 305      Gyro:  +38.53  -66.20  -30.66 || 305
Accel:  +0.23  -0.15  +0.90 || 310      Gyro:  +39.19  -48.34  -29.16 || 310
Accel:  +0.29  -0.14  +0.90 || 315      Gyro:  +65.96  -56.02   +9.18 || 315
Accel:  +0.26  -0.13  +0.95 || 320      Gyro:  +34.44  -85.54  +17.69 || 320
Accel:  +0.52  -0.23  +0.84 || 325      Gyro:  +39.09 -103.00  +26.15 || 325
Accel:  +0.42  -0.09  +1.05 || 330      Gyro:  +61.03  -64.76  -15.40 || 330
Accel:  +0.57  -0.12  +0.95 || 335      Gyro:  +58.32  -62.37   -9.40 || 335
Accel:  +0.56  -0.09  +0.99 || 340      Gyro:  +46.92  -42.12  -21.32 || 340
Accel:  +0.56  -0.13  +0.95 || 345      Gyro:  +53.64  -29.88  -58.88 || 345
Accel:  +0.68  -0.14  +0.93 || 350      Gyro:  +59.08  -37.51  -40.73 || 350
Accel:  +0.71  -0.10  +0.96 || 355      Gyro:  +46.27  -38.56  -26.11 || 355
Accel:  +0.76  -0.09  +0.94 || 360      Gyro:  +57.02  -24.79  -10.15 || 360
Accel:  +0.72  -0.04  +0.98 || 365      Gyro:  +57.20  -23.89  +18.04 || 365
Accel:  +0.79  -0.07  +0.91 || 370      Gyro:  +52.63   -3.92   +6.18 || 370
Accel:  +0.76  -0.06  +0.95 || 375      Gyro:  +48.98   -0.73   +7.05 || 375
Accel:  +0.73  -0.09  +0.92 || 380      Gyro:  +47.36  +12.46   -3.79 || 380
Accel:  +0.73  -0.08  +0.94 || 385      Gyro:  +50.16   +9.18  +11.59 || 385
Accel:  +0.69  -0.05  +0.98 || 390      Gyro:  +48.86  +16.21   +4.47 || 390
Accel:  +0.71  -0.07  +0.96 || 395      Gyro:  +53.08  +15.79  +14.70 || 395