Accel:  +0.60  +0.05  +0.98 || 0        Gyro:   +5.69  +32.49  +14.39 || 0
Accel:  +0.61  -0.02  +0.91 || 5        Gyro:  +33.18  +48.85  +10.85 || 5
Accel:  +0.57  +0.00  +0.89 || 10       Gyro:  +15.03 +115.61   -0.37 || 10
Accel:  +0.33  -0.04  +0.97 || 15       Gyro:   +0.48 +113.57   +8.63 || 15
Accel:  +0.20  -0.13  +0.93 || 20       Gyro:  +16.46 +165.09   -2.53 || 20
Accel:  +0.10  -0.16  +0.84 || 25       Gyro:  +31.14 +152.53  -10.70 || 25
Accel:  +0.04  -0.08  +0.63 || 30       Gyro:   +2.71 +176.54   -5.69 || 30
Accel:  -0.19  -0.12  +0.65 || 35       Gyro:  -28.25 +181.03   -5.31 || 35
Accel:  -0.35  -0.24  +0.52 || 40       Gyro:   +2.35 +129.85  +21.89 || 40
Accel:  -0.42  -0.21  +0.48 || 45       Gyro:   -5.70 +115.47  +94.56 || 45
Accel:  -0.39  -0.15  +0.37 || 50       Gyro:   +7.98  +76.15  +68.33 || 50
Accel:  -0.32  -0.12  +0.31 || 55       Gyro:  +12.95  +83.70  +35.56 || 55
Accel:  -0.45  -0.10  +0.18 || 60       Gyro:  +28.62  +76.45  +41.24 || 60
Accel:  -0.51  -0.05  +0.12 || 65       Gyro:   +7.38 +120.17   -9.21 || 65
Accel:  -0.44  -0.13  -0.01 || 70       Gyro:  +30.51  +72.69  +31.00 || 70
Accel:  -0.18  -0.01  +0.01 || 75       Gyro:  +68.13  +71.68  +80.25 || 75
Accel:  -0.80  +0.05  -0.05 || 80       Gyro:  +19.27 +105.87  +27.05 || 80
Accel:  -0.47  +0.01  -0.22 || 85       Gyro:  +24.28  +52.27  +32.77 || 85
Accel:  -0.45  +0.09  -0.23 || 90       Gyro:  +52.47  +24.48  +93.99 || 90
Accel:  -0.59  +0.11  -0.28 || 95       Gyro:  +51.81  +19.37  +27.16 || 95
Accel:  -0.52  +0.13  -0.25 || 100      Gyro:  +36.63  +12.13   -4.66 || 100
Accel:  -0.43  +0.14  -0.19 || 105      Gyro:  +44.24   -6.85  +11.39 || 105
Accel:  -0.41  +0.11  -0.17 || 110      Gyro:  +49.15  +17.06   -0.24 || 110
Accel:  -0.42  +0.15  -0.20 || 115      Gyro:  +51.13  +25.27   -3.51 || 115
Accel:  -0.43  +0.11  -0.27 || 120      Gyro:  +36.37   +6.67   -5.87 || 120
Accel:  -0.50  +0.15  -0.28 || 125      Gyro:  +42.04  +17.67  -25.82 || 125
Accel:  -0.44  +0.09  -0.33 || 130      Gyro:  +48.60  -13.31   -1.82 || 130
Accel:  -0.46  +0.11  -0.27 || 135      Gyro:  +49.31  +12.44   -2.85 || 135
Accel:  -0.52  +0.06  -0.34 || 140      Gyro:  +58.09   -2.76  -10.18 || 140
Accel:  -0.49  +0.11  -0.23 || 145      Gyro:  +49.76   +7.74   -9.28 || 145
Accel:  -0.44  +0.09  -0.31 || 150      Gyro:  +47.77   -4.63   -8.73 || 150
Accel:  -0.44  +0.09  -0.27 || 155      Gyro:  +49.44   +0.21  -14.75 || 155
Accel:  -0.46  +0.06  -0.26 || 160      Gyro:  +50.14  -16.88  -11.48 || 160
Accel:  -0.42  +0.04  -0.29 || 165      Gyro:  +50.40  -10.44  -20.32 || 165
Accel:  -0.44  +0.03  -0.28 || 170      Gyro:  +59.43   -3.63  -16.80 || 170
Accel:  -0.47  +0.03  -0.23 || 175      Gyro:  +64.70  -29.60   -1.40 || 175
Accel:  -0.45  -0.03  -0.24 || 180      Gyro:  +61.57  -16.18  -21.18 || 180
Accel:  -0.42  +0.02  -0.20 || 185      Gyro:  +54.26  -22.22  -15.50 || 185
Accel:  -0.55  -0.03  -0.17 || 190      Gyro:  +54.40  -27.19  -12.19 || 190
Accel:  -0.47  -0.00  -0.15 || 195      Gyro:  +39.11  -37.46  -24.42 || 195
Accel:  -0.54  -0.07  -0.16 || 200      Gyro:  +51.05  -42.74  -21.41 || 200
Accel:  -0.55  -0.08  -0.07 || 205      Gyro:  +51.06  -61.89  -37.91 || 205
Accel:  -0.45  -0.13  -0.07 || 210      Gyro:  +54.51  -66.82  -39.36 || 210
Accel:  -0.52  -0.11  +0.09 || 215      Gyro:  +87.35  -95.07  -19.76 || 215
Accel:  -0.38  -0.17  +0.07 || 220      Gyro:  +70.89  -87.74  -14.28 || 220
Accel:  -0.43  -0.14  +0.23 || 225      Gyro:  +42.38  -80.70  -23.18 || 225
Accel:  -0.37  -0.14  +0.29 || 230      Gyro:  +64.54  -71.64   -8.89 || 230
Accel:  -0.44  -0.18  +0.34 || 235      Gyro:  +64.64  -89.74  -10.98 || 235
Accel:  -0.31  -0.18  +0.39 || 240      Gyro:  +50.96  -77.48  -29.92 || 240
Accel:  -0.27  -0.24  +0.43 || 245      Gyro:  +65.41 -101.24  -13.24 || 245
Accel:  -0.24  -0.19  +0.57 || 250      Gyro:  +51.24  -75.80  -40.34 || 250
Accel:  -0.20  -0.24  +0.55 || 255      Gyro:  +65.98  -79.87  -23.61 || 255
Accel:  -0.14  -0.23  +0.66 || 260      Gyro:  +55.20  -71.43  -23.15 || 260
Accel:  -0.15  -0.27  +0.68 || 265      Gyro:  +53.22  -58.02  -38.11 || 265
Accel:  -0.06  -0.31  +0.70 || 270      Gyro:  +77.05  -58.63  -13.91 || 270
Accel:  -0.03  -0.21  +0.75 || 275      Gyro:  +71.45  -58.77  -20.22 || 275
Accel:  +0.08  -0.21  +0.77 || 280      Gyro:  +74.86  -59.73   +7.93 || 280
Accel:  +0.09  -0.19  +0.83 || 285      Gyro:  +69.32  -50.45   -5.02 || 285
Accel:  +0.10  -0.20  +0.83 || 290      Gyro:  +67.00  -46.60  -13.60 || 290
Accel:  +0.20  -0.18  +0.84 || 295      Gyro:  +59.24  -50.06  -14.69 || 295
Accel:  +0.14  -0.15  +0.91 || 300      Gyro:  +42.53  -47.71  -23.27 || 300
Accel:  +0.32  -0.17  +0.88 || 305      Gyro:  +62.50  -51.46   +1.28 || 305
Accel:  +0.24  -0.20  +0.87 || 310      Gyro:  +56.44  -40.65  -57.75 || 310
Accel:  +0.35  -0.19  +0.90 || 315      Gyro:  +44.85  -23.40  -64.48 || 315
Accel:  +0.37  -0.18  +0.90 || 320      Gyro:  +68.29  -23.92  -31.58 || 320
Accel:  +0.40  -0.16  +0.93 || 325      Gyro:  +78.55  -36.96  -16.96 || 325
Accel:  +0.38  -0.12  +0.92 || 330      Gyro:  +60.89  -19.97  -11.74 || 330
Accel:  +0.44  -0.14  +0.97 || 335      Gyro:  -45.09  -14.72   -7.12 || 335
Accel:  +0.49  -0.26  +0.95 || 340      Gyro:  +37.92  -37.22  +33.24 || 340
Accel:  +0.51  -0.27  +0.97 || 345      Gyro:  +63.82  -35.95  +19.24 || 345
Accel:  +0.44  -0.23  +0.91 || 350      Gyro:  +77.36  -26.48  -18.76 || 350
Accel:  +0.54  -0.24  +0.94 || 355      Gyro:  +87.70  -33.56   +1.70 || 355
Accel:  +0.57  -0.15  +0.94 || 360      Gyro:  +39.50  -13.82  -10.16 || 360
Accel:  +0.58  -0.14  +1.03 || 365      Gyro:  +58.91  -13.34   +3.21 || 365
Accel:  +0.58  -0.17  +1.01 || 370      Gyro:  +44.43   +3.37  -20.66 || 370
Accel:  +0.56  -0.15  +0.98 || 375      Gyro:  +68.56  -10.49   +8.47 || 375
Accel:  +0.58  -0.14  +0.99 || 380      Gyro:  +23.91   +2.79  -18.02 || 380
Accel:  +0.61  -0.15  +1.00 || 385      Gyro:  +37.27   +0.69   -2.47 || 385
Accel:  +0.61  -0.15  +0.95 || 390      Gyro:  +43.24   +3.12  -16.13 || 390
Accel:  +0.56  -0.18  +0.95 || 395      Gyro:  +41.24   +0.82  -18.60 || 395