Accel:  -0.43  +0.10  +0.53 || 0        Gyro: +107.79 +103.11 +150.46 || 0
Accel:  -0.36  +0.33  +0.31 || 5        Gyro: +112.98 +105.07 +212.24 || 5
Accel:  -0.66  +0.99  +0.14 || 10       Gyro:  +25.34  +39.92 +132.26 || 10
Accel:  -0.46  +0.63  +0.15 || 15       Gyro:  +45.55  +10.27  +15.18 || 15
Accel:  -0.30  +0.44  +0.22 || 20       Gyro:  +57.03  +10.21  +14.53 || 20
Accel:  -0.28  +0.40  +0.29 || 25       Gyro:  +43.85   -2.43   +8.98 || 25
Accel:  -0.31  +0.42  +0.36 || 30       Gyro:  +58.10   +4.16  +19.08 || 30
Accel:  -0.36  +0.51  +0.41 || 35       Gyro:  +68.82  +16.54  +12.27 || 35
Accel:  -0.27  +0.47  +0.26 || 40       Gyro:  +65.02  +50.76  +11.28 || 40
Accel:  -0.26  +0.49  +0.09 || 45       Gyro:  +32.87   +2.42  +22.57 || 45
Accel:  -0.30  +0.56  +0.16 || 50       Gyro:  +44.58   +1.76  +18.98 || 50
Accel:  -0.30  +0.55  +0.14 || 55       Gyro:  +51.79   +1.81   +8.37 || 55
Accel:  -0.30  +0.54  +0.22 || 60       Gyro:  +54.73   +3.30   +7.82 || 60
Accel:  -0.29  +0.54  +0.21 || 65       Gyro:  +53.56   +4.57   +3.64 || 65
Accel:  -0.31  +0.53  +0.19 || 70       Gyro:  +64.14  +17.09   -0.14 || 70
Accel:  -0.30  +0.55  +0.14 || 75       Gyro:  +74.30  +26.13  -18.24 || 75
Accel:  -0.28  +0.48  +0.19 || 80       Gyro:  +44.60   -1.22  -13.18 || 80
Accel:  -0.29  +0.51  +0.12 || 85       Gyro:  +47.00   +3.51   -3.44 || 85
Accel:  -0.30  +0.50  +0.11 || 90       Gyro:  +51.51   +4.02   +1.90 || 90
Accel:  -0.31  +0.51  +0.15 || 95       Gyro:  +47.65   +1.01   +0.79 || 95
Accel:  -0.31  +0.51  +0.12 || 100      Gyro:  +49.62   +0.06   +0.69 || 100
Accel:  -0.30  +0.50  +0.12 || 105      Gyro:  +49.50   -5.18   +0.17 || 105
Accel:  -0.31  +0.55  +0.09 || 110      Gyro:  +50.49   +5.98   -0.92 || 110
Accel:  -0.31  +0.51  +0.13 || 115      Gyro:  +55.38   +4.46   -0.32 || 115
Accel:  -0.31  +0.51  +0.15 || 120      Gyro:  +48.63   -0.27   +1.50 || 120
Accel:  -0.32  +0.52  +0.15 || 125      Gyro:  +48.81   +0.09   +0.15 || 125
Accel:  -0.30  +0.51  +0.10 || 130      Gyro:  +47.08   -0.89   -0.43 || 130
Accel:  -0.31  +0.51  +0.11 || 135      Gyro:  +49.35   +0.15   +2.11 || 135
Accel:  -0.30  +0.52  +0.07 || 140      Gyro:  +48.44   -0.36   +0.61 || 140
Accel:  -0.32  +0.51  +0.13 || 145      Gyro:  +57.90   +0.69   +1.38 || 145
Accel:  -0.32  +0.51  +0.16 || 150      Gyro:  +49.21   +0.71   +0.34 || 150
Accel:  -0.29  +0.51  +0.10 || 155      Gyro:  +46.60   -0.01   -2.43 || 155
Accel:  -0.31  +0.51  +0.10 || 160      Gyro:  +48.94   -0.48   +0.49 || 160
Accel:  -0.33  +0.51  +0.13 || 165      Gyro:  +50.06   +0.16   -0.17 || 165
Accel:  -0.32  +0.51  +0.10 || 170      Gyro:  +48.98   -4.44   -1.80 || 170
Accel:  -0.32  +0.54  +0.06 || 175      Gyro:  +49.59   -5.12   -4.58 || 175
Accel:  -0.33  +0.49  +0.17 || 180      Gyro:  +51.48   -3.92   -6.70 || 180
Accel:  -0.33  +0.49  +0.15 || 185      Gyro:  +45.77   -4.31   -6.19 || 185
Accel:  -0.35  +0.51  +0.11 || 190      Gyro:  +41.64  -10.89  -10.55 || 190
Accel:  -0.43  +0.56  +0.09 || 195      Gyro:   -2.05  -46.06  -20.01 || 195
Accel:  -0.57  +0.68  +0.12 || 200      Gyro:  -23.78  -76.47  -38.90 || 200
Accel:  -0.64  +0.74  +0.27 || 205      Gyro:  -35.87 -105.71  -87.45 || 205
Accel:  -0.50  +0.60  +0.37 || 210      Gyro:  -48.43 -120.41 -133.79 || 210
Accel:  -0.32  +0.49  +0.29 || 215      Gyro:  -25.05 -120.82 -167.22 || 215
Accel:  -0.04  +0.14  +0.31 || 220      Gyro:  -16.89 -150.40 -191.50 || 220
Accel:  +0.28  -0.13  +0.43 || 225      Gyro:  -47.85 -193.79 -184.97 || 225
Accel:  +0.61  -0.60  +0.53 || 230      Gyro: -103.75 -214.42 -142.85 || 230
Accel:  +0.67  -0.80  +0.67 || 235      Gyro:  -83.92 -179.96  -53.99 || 235
Accel:  +0.55  -0.71  +0.85 || 240      Gyro:   -4.24  -82.99  -26.44 || 240
Accel:  +0.60  -0.73  +0.72 || 245      Gyro:  +54.69   +1.21  -15.56 || 245
Accel:  +0.58  -0.70  +0.76 || 250      Gyro:  +50.98   -8.77   +6.07 || 250
Accel:  +0.46  -0.60  +0.80 || 255      Gyro:  +69.37   +8.23  +13.18 || 255
Accel:  +0.41  -0.57  +0.80 || 260      Gyro:  +72.11  +16.03   +5.45 || 260
Accel:  +0.42  -0.59  +0.79 || 265      Gyro:  +56.65   +7.37   +7.21 || 265
Accel:  +0.39  -0.53  +0.78 || 270      Gyro:  +58.06   +6.01   +7.26 || 270
Accel:  +0.38  -0.54  +0.80 || 275      Gyro:  +55.87   +6.40   +2.72 || 275
Accel:  +0.39  -0.56  +0.81 || 280      Gyro:  +54.60  +10.93   +4.14 || 280
Accel:  +0.34  -0.50  +0.78 || 285      Gyro:  +53.95   +1.93   +0.04 || 285
Accel:  +0.37  -0.54  +0.81 || 290      Gyro:  +48.13   +0.76   -4.05 || 290
Accel:  +0.39  -0.55  +0.80 || 295      Gyro:  +47.11   +0.01   +0.11 || 295
Accel:  +0.40  -0.54  +0.78 || 300      Gyro:  +49.94   +0.05   -2.74 || 300
Accel:  +0.40  -0.56  +0.82 || 305      Gyro:  +51.06   +0.33   +1.53 || 305
Accel:  +0.40  -0.54  +0.80 || 310      Gyro:  +53.45   +6.76   +2.21 || 310
Accel:  +0.41  -0.56  +0.79 || 315      Gyro:  +52.63   +7.08   +3.53 || 315
Accel:  +0.39  -0.54  +0.78 || 320      Gyro:  +51.39   +2.92   +8.51 || 320
Accel:  +0.36  -0.53  +0.82 || 325      Gyro:  +56.55   +7.40   +5.96 || 325
Accel:  +0.37  -0.54  +0.83 || 330      Gyro:  +58.69  +11.15   +7.95 || 330
Accel:  +0.41  -0.54  +0.81 || 335      Gyro:  +55.52  +16.82   +3.05 || 335
Accel:  +0.57  -0.62  +0.78 || 340      Gyro:  +54.60  +37.16   -0.67 || 340
Accel:  +0.73  -0.72  +0.73 || 345      Gyro:  +91.54 +106.73  +27.92 || 345
Accel:  +0.67  -0.60  +0.62 || 350      Gyro: +133.76 +136.67  +86.87 || 350
Accel:  +0.44  -0.43  +0.61 || 355      Gyro: +142.60 +169.14 +152.99 || 355
Accel:  +0.26  -0.17  +0.57 || 360      Gyro: +196.25 +199.23 +232.94 || 360
Accel:  -0.36  +0.69  -0.32 || 365      Gyro: +154.50 +117.28 +201.40 || 365
Accel:  -0.90  +1.02  +0.08 || 370      Gyro: +124.08  -31.68 +165.84 || 370
Accel:  -1.25  +1.28  +1.14 || 375      Gyro:   +4.63  -33.04  +36.12 || 375
Accel:  -0.14  +0.31  +0.37 || 380      Gyro:  -14.59  +29.10 -108.46 || 380
Accel:  +0.00  -0.00  +0.47 || 385      Gyro:  +61.75   -2.69  -31.37 || 385
Accel:  -0.49  +0.37  +0.59 || 390      Gyro:   +2.26   +5.02  -53.98 || 390
Accel:  -0.80  +0.58  +0.72 || 395      Gyro:  -48.82  -23.52 -182.69 || 395