Accel:  -0.31  +0.49  +0.33 || 0        Gyro:  +45.13   -2.47   +1.02 || 0
Accel:  -0.27  +0.48  +0.33 || 5        Gyro:  +45.10  -11.04   -3.87 || 5
Accel:  -0.25  +0.47  +0.32 || 10       Gyro:  +52.45   -5.27   +1.34 || 10
Accel:  -0.28  +0.50  +0.34 || 15       Gyro:  +45.27   -2.76   +1.63 || 15
Accel:  -0.26  +0.48  +0.33 || 20       Gyro:  +47.02   -3.55   -0.64 || 20
Accel:  -0.24  +0.47  +0.34 || 25       Gyro:  +49.72   +0.40   +0.38 || 25
Accel:  -0.28  +0.48  +0.37 || 30       Gyro:  +47.11   +4.27   +2.45 || 30
Accel:  -0.26  +0.46  +0.35 || 35       Gyro:  +48.37   -5.13   -1.11 || 35
Accel:  -0.25  +0.48  +0.32 || 40       Gyro:  +50.82   +1.74   +3.74 || 40
Accel:  -0.25  +0.47  +0.35 || 45       Gyro:  +48.44   +3.18   +2.62 || 45
Accel:  -0.27  +0.49  +0.33 || 50       Gyro:  +49.47   +3.47   +1.19 || 50
Accel:  -0.26  +0.47  +0.34 || 55       Gyro:  +53.27   +0.51   +0.27 || 55
Accel:  -0.25  +0.49  +0.36 || 60       Gyro:  +51.74   -1.33   +1.85 || 60
Accel:  -0.26  +0.49  +0.33 || 65       Gyro:  +50.77   -1.03   +1.18 || 65
Accel:  -0.33  +0.52  +0.36 || 70       Gyro:  +44.51   -6.60   -6.51 || 70
Accel:  -0.36  +0.52  +0.36 || 75       Gyro:  +43.57  -12.37  -11.66 || 75
Accel:  -0.39  +0.51  +0.33 || 80       Gyro:  +42.29  -29.62  -25.82 || 80
Accel:  -0.37  +0.45  +0.35 || 85       Gyro:  +47.11  -44.93  -35.97 || 85
Accel:  -0.37  +0.46  +0.22 || 90       Gyro:  +66.24  -65.15  -52.64 || 90
Accel:  -0.24  +0.40  +0.42 || 95       Gyro:  +63.65  -57.96  -32.24 || 95
Accel:  -0.18  +0.34  +0.46 || 100      Gyro:  +57.72  -68.97  -44.04 || 100
Accel:  -0.21  +0.38  +0.53 || 105      Gyro:  +51.15  -63.61  -37.80 || 105
Accel:  -0.17  +0.32  +0.64 || 110      Gyro:  +38.59  -59.88  -42.25 || 110
Accel:  -0.16  +0.26  +0.69 || 115      Gyro:  +39.23  -56.99  -45.69 || 115
Accel:  -0.07  +0.23  +0.67 || 120      Gyro:  +40.98  -58.99  -48.25 || 120
Accel:  -0.01  +0.21  +0.60 || 125      Gyro:  +35.42  -61.26  -43.40 || 125
Accel:  +0.07  +0.28  +0.57 || 130      Gyro:  +59.84  -68.45  -48.47 || 130
Accel:  +0.14  +0.17  +0.77 || 135      Gyro:  +52.77   +6.73  -18.50 || 135
Accel:  -0.01  +0.21  +0.84 || 140      Gyro:  +51.34  +11.69   -2.56 || 140
Accel:  -0.17  +0.17  +0.73 || 145      Gyro:  +43.61   -3.48  -11.40 || 145
Accel:  -0.18  +0.19  +0.87 || 150      Gyro:  +34.50  -11.56  -20.76 || 150
Accel:  -0.07  +0.09  +0.68 || 155      Gyro:  +41.27  -11.48  -12.02 || 155
Accel:  -0.05  +0.10  +0.75 || 160      Gyro:  +39.50   -7.35  -14.71 || 160
Accel:  -0.00  +0.07  +0.72 || 165      Gyro:  +46.66   -1.02   -0.71 || 165
Accel:  -0.02  +0.09  +0.73 || 170      Gyro:  +51.44   +8.31   +2.88 || 170
Accel:  -0.05  +0.12  +0.77 || 175      Gyro:  +56.28  +22.62   +9.37 || 175
Accel:  -0.11  +0.15  +0.80 || 180      Gyro:  +49.15  +12.99   +5.43 || 180
Accel:  -0.12  +0.15  +0.70 || 185      Gyro:  +36.82  +21.66   +1.89 || 185
Accel:  -0.17  +0.16  +0.74 || 190      Gyro:  +36.54  +10.66   -4.34 || 190
Accel:  -0.09  +0.09  +0.66 || 195      Gyro:  +44.40   +7.56   -8.01 || 195
Accel:  -0.10  +0.09  +0.68 || 200      Gyro:  +53.50  +12.41   +2.63 || 200
Accel:  -0.15  +0.12  +0.70 || 205      Gyro:  +54.76   +7.38   +3.86 || 205
Accel:  -0.16  +0.14  +0.70 || 210      Gyro:  +57.63   +5.06   +3.60 || 210
Accel:  -0.17  +0.14  +0.73 || 215      Gyro:  +53.52   -1.43   -2.86 || 215
Accel:  -0.15  +0.13  +0.67 || 220      Gyro:  +51.04   -1.80   -2.75 || 220
Accel:  -0.15  +0.13  +0.69 || 225      Gyro:  +49.37   -0.53   -4.48 || 225
Accel:  -0.15  +0.11  +0.70 || 230      Gyro:  +46.50   +4.73   -5.31 || 230
Accel:  -0.12  +0.10  +0.70 || 235      Gyro:  +46.62   +1.25   -5.80 || 235
Accel:  -0.17  +0.13  +0.71 || 240      Gyro:  +49.68   -0.73   -2.09 || 240
Accel:  -0.15  +0.13  +0.71 || 245      Gyro:  +46.90   -4.46   -3.49 || 245
Accel:  -0.13  +0.10  +0.68 || 250      Gyro:  +46.45   -2.15   +0.01 || 250
Accel:  -0.14  +0.11  +0.70 || 255      Gyro:  +47.27   -1.24   +1.88 || 255
Accel:  -0.12  +0.11  +0.68 || 260      Gyro:  +48.69   +2.95   +4.57 || 260
Accel:  -0.13  +0.11  +0.69 || 265      Gyro:  +45.78   +5.61   +1.79 || 265
Accel:  -0.12  +0.10  +0.66 || 270      Gyro:  +52.73   +9.42   +9.98 || 270
Accel:  -0.16  +0.14  +0.69 || 275      Gyro:  +51.57   +6.63   +8.69 || 275
Accel:  -0.18  +0.14  +0.67 || 280      Gyro:  +51.67   +4.57   +5.48 || 280
Accel:  -0.22  +0.17  +0.67 || 285      Gyro:  +51.79   +1.43   +2.79 || 285
Accel:  -0.19  +0.14  +0.69 || 290      Gyro:  +47.48   -1.56   -2.68 || 290
Accel:  -0.14  +0.13  +0.65 || 295      Gyro:  +51.54   -3.57   -0.88 || 295
Accel:  -0.12  +0.11  +0.68 || 300      Gyro:  +54.63   +2.34   -0.91 || 300
Accel:  -0.15  +0.13  +0.67 || 305      Gyro:  +52.35   +4.11   +3.77 || 305
Accel:  -0.19  +0.17  +0.70 || 310      Gyro:  +49.10   +2.57   +1.76 || 310
Accel:  -0.17  +0.16  +0.67 || 315      Gyro:  +48.23   +1.89   +3.33 || 315
Accel:  -0.20  +0.17  +0.66 || 320      Gyro:  +46.89   +1.01   +0.44 || 320
Accel:  -0.15  +0.13  +0.63 || 325      Gyro:  +48.90   -2.55   -0.19 || 325
Accel:  -0.15  +0.13  +0.62 || 330      Gyro:  +49.24   -1.88   -0.23 || 330
Accel:  -0.16  +0.15  +0.64 || 335      Gyro:  +52.08   +0.60   +2.60 || 335
Accel:  -0.17  +0.16  +0.69 || 340      Gyro:  +50.11   -0.24   +2.18 || 340
Accel:  -0.14  +0.14  +0.67 || 345      Gyro:  +48.74   +1.33   +0.43 || 345
Accel:  -0.16  +0.15  +0.64 || 350      Gyro:  +52.01   +1.82   +3.58 || 350
Accel:  -0.14  +0.15  +0.64 || 355      Gyro:  +54.31  +10.34   +6.82 || 355
Accel:  -0.19  +0.18  +0.67 || 360      Gyro:  +46.30   +3.03   +1.28 || 360
Accel:  -0.17  +0.18  +0.66 || 365      Gyro:  +44.87   +6.17   +4.88 || 365
Accel:  -0.19  +0.17  +0.62 || 370      Gyro:  +45.68   +4.90   +3.91 || 370
Accel:  -0.17  +0.16  +0.64 || 375      Gyro:  +47.27   +2.53   +1.47 || 375
Accel:  -0.18  +0.16  +0.64 || 380      Gyro:  +46.41   +3.18   +2.02 || 380
Accel:  -0.19  +0.17  +0.62 || 385      Gyro:  +49.18   +3.00   +1.61 || 385
Accel:  -0.20  +0.17  +0.64 || 390      Gyro:  +48.12   +4.97   +3.75 || 390
Accel:  -0.18  +0.16  +0.64 || 395      Gyro:  +48.17   +5.73   +1.37 || 395