Accel:  +0.42  -0.39  +0.74 || 0        Gyro:  +43.75 +106.76  +24.73 || 0
Accel:  +0.45  -0.35  +0.65 || 5        Gyro:  +41.39 +179.46  +44.76 || 5
Accel:  -0.01  -0.34  +0.49 || 10       Gyro:  +46.75 +227.00  +63.01 || 10
Accel:  -0.14  -0.32  +0.26 || 15       Gyro:  +58.18 +250.13  +72.00 || 15
Accel:  -0.55  -0.29  +0.17 || 20       Gyro:  +64.34 +249.30  +69.80 || 20
Accel:  -0.69  -0.16  +0.12 || 25       Gyro:  +65.17 +108.50  +84.84 || 25
Accel:  -0.61  -0.08  +0.07 || 30       Gyro:  +61.12  +32.27  +87.76 || 30
Accel:  -0.61  -0.02  +0.14 || 35       Gyro:  +67.79  +22.92  +69.76 || 35
Accel:  -0.58  +0.04  +0.22 || 40       Gyro:  +66.89  +16.47  +47.11 || 40
Accel:  -0.54  +0.05  +0.24 || 45       Gyro:  +55.05   +9.14  +29.49 || 45
Accel:  -0.49  +0.04  +0.20 || 50       Gyro:  +51.87  +10.68  +18.68 || 50
Accel:  -0.45  +0.07  +0.19 || 55       Gyro:  +49.67  +14.92   +9.17 || 55
Accel:  -0.46  +0.08  +0.13 || 60       Gyro:  +47.13  +13.68  +17.41 || 60
Accel:  -0.48  +0.07  +0.06 || 65       Gyro:  +48.87  +12.47  +15.36 || 65
Accel:  -0.49  +0.08  +0.07 || 70       Gyro:  +51.13  +10.53  +12.69 || 70
Accel:  -0.45  +0.09  +0.05 || 75       Gyro:  +51.07  +12.58  +11.70 || 75
Accel:  -0.46  +0.13  +0.08 || 80       Gyro:  +52.88  +19.34  +19.29 || 80
Accel:  -0.48  +0.14  +0.09 || 85       Gyro:  +51.03   +6.82  +17.84 || 85
Accel:  -0.49  +0.14  +0.07 || 90       Gyro:  +50.03   +6.80   +7.52 || 90
Accel:  -0.46  +0.15  +0.06 || 95       Gyro:  +48.13   +5.04   +2.76 || 95
Accel:  -0.44  +0.14  +0.05 || 100      Gyro:  +49.15   +0.39   +6.66 || 100
Accel:  -0.45  +0.15  +0.04 || 105      Gyro:  +49.92   +0.95   +5.24 || 105
Accel:  -0.47  +0.16  +0.05 || 110      Gyro:  +47.78   +2.30   +4.61 || 110
Accel:  -0.48  +0.15  +0.03 || 115      Gyro:  +49.39   +1.09   -0.37 || 115
Accel:  -0.46  +0.15  +0.05 || 120      Gyro:  +49.71   -1.46   -0.69 || 120
Accel:  -0.46  +0.15  +0.04 || 125      Gyro:  +48.08   +0.99   -0.14 || 125
Accel:  -0.46  +0.15  +0.03 || 130      Gyro:  +49.42   -1.34   -4.16 || 130
Accel:  -0.46  +0.17  +0.06 || 135      Gyro:  +49.53   -1.94   +1.52 || 135
Accel:  -0.45  +0.15  +0.04 || 140      Gyro:  +49.92   -3.25   +1.01 || 140
Accel:  -0.45  +0.15  +0.06 || 145      Gyro:  +47.99   -0.78   +0.93 || 145
Accel:  -0.47  +0.15  +0.03 || 150      Gyro:  +48.56   +0.05   -0.63 || 150
Accel:  -0.46  +0.16  +0.07 || 155      Gyro:  +48.72   -1.22   +1.51 || 155
Accel:  -0.46  +0.15  +0.05 || 160      Gyro:  +47.52   +0.48   +1.48 || 160
Accel:  -0.45  +0.16  +0.05 || 165      Gyro:  +49.14   -0.93   +1.53 || 165
Accel:  -0.46  +0.16  +0.04 || 170      Gyro:  +48.92   -1.82   +0.11 || 170
Accel:  -0.45  +0.16  +0.05 || 175      Gyro:  +49.17   +0.02   -0.40 || 175
Accel:  -0.44  +0.15  +0.06 || 180      Gyro:  +48.17   -0.77   +1.45 || 180
Accel:  -0.45  +0.15  +0.03 || 185      Gyro:  +48.86   -0.45   +2.19 || 185
Accel:  -0.50  +0.15  +0.05 || 190      Gyro:  +49.90   -3.62   -2.12 || 190
Accel:  -0.55  +0.16  +0.06 || 195      Gyro:  +48.29   -8.70  -11.57 || 195
Accel:  -0.64  +0.17  +0.06 || 200      Gyro:  +42.51  -25.21  -31.18 || 200
Accel:  -0.64  +0.16  +0.04 || 205      Gyro:  +36.24  -47.58  -47.99 || 205
Accel:  -0.74  +0.17  +0.13 || 210      Gyro:  +17.34 -113.66  -27.17 || 210
Accel:  -0.74  +0.11  +0.22 || 215      Gyro:   +8.84 -164.26  -55.30 || 215
Accel:  -0.51  +0.02  +0.34 || 220      Gyro:  +14.11 -155.93 -113.04 || 220
Accel:  -0.24  -0.08  +0.40 || 225      Gyro:  +12.63 -145.01 -124.73 || 225
Accel:  -0.13  -0.19  +0.44 || 230      Gyro:  +26.88 -153.69 -117.06 || 230
Accel:  +0.06  -0.28  +0.54 || 235      Gyro:  +35.34 -139.92  -95.60 || 235
Accel:  +0.29  -0.38  +0.57 || 240      Gyro:  +43.05 -124.10  -69.75 || 240
Accel:  +0.32  -0.43  +0.67 || 245      Gyro:  +52.06  -98.42  -46.30 || 245
Accel:  +0.40  -0.41  +0.72 || 250      Gyro:  +55.92  -86.76  -18.74 || 250
Accel:  +0.46  -0.41  +0.80 || 255      Gyro:  +58.13  -62.53   -0.87 || 255
Accel:  +0.40  -0.39  +0.89 || 260      Gyro:  +60.04  -53.56   -7.47 || 260
Accel:  +0.44  -0.34  +0.93 || 265      Gyro:  +55.83  -36.08  -16.37 || 265
Accel:  +0.47  -0.36  +0.91 || 270      Gyro:  +50.32  -13.78  -11.38 || 270
Accel:  +0.43  -0.39  +0.88 || 275      Gyro:  +48.52  -11.72  -11.76 || 275
Accel:  +0.48  -0.40  +0.88 || 280      Gyro:  +48.25   -4.45   -7.31 || 280
Accel:  +0.47  -0.39  +0.87 || 285      Gyro:  +48.61   -7.49   -3.21 || 285
Accel:  +0.47  -0.39  +0.90 || 290      Gyro:  +47.99   -0.76   -2.53 || 290
Accel:  +0.48  -0.38  +0.89 || 295      Gyro:  +46.55   +1.79   -2.33 || 295
Accel:  +0.45  -0.40  +0.88 || 300      Gyro:  +45.93   -2.14   +2.25 || 300
Accel:  +0.44  -0.39  +0.88 || 305      Gyro:  +48.02   -2.10   -3.90 || 305
Accel:  +0.43  -0.39  +0.89 || 310      Gyro:  +49.38   -1.49   +4.24 || 310
Accel:  +0.47  -0.39  +0.88 || 315      Gyro:  +48.20   -0.44   -1.37 || 315
Accel:  +0.46  -0.39  +0.87 || 320      Gyro:  +47.44   +2.28   +3.31 || 320
Accel:  +0.45  -0.39  +0.88 || 325      Gyro:  +48.01   +2.44   +2.07 || 325
Accel:  +0.44  -0.39  +0.89 || 330      Gyro:  +47.86   +2.95   +4.23 || 330
Accel:  +0.43  -0.39  +0.88 || 335      Gyro:  +46.66   +4.85   +3.89 || 335
Accel:  +0.42  -0.39  +0.86 || 340      Gyro:  +48.13   +5.05   -0.87 || 340
Accel:  +0.46  -0.39  +0.88 || 345      Gyro:  +49.50   +1.85   +0.77 || 345
Accel:  +0.42  -0.40  +0.89 || 350      Gyro:  +47.92   +3.04   +4.87 || 350
Accel:  +0.42  -0.39  +0.87 || 355      Gyro:  +46.66   +2.82   +2.05 || 355
Accel:  +0.39  -0.40  +0.86 || 360      Gyro:  +47.73   +3.10   +2.95 || 360
Accel:  +0.41  -0.40  +0.87 || 365      Gyro:  +47.50   +0.37   +1.43 || 365
Accel:  +0.40  -0.40  +0.88 || 370      Gyro:  +47.24   -0.05   +0.46 || 370
Accel:  +0.42  -0.40  +0.88 || 375      Gyro:  +45.91   -0.34   -0.53 || 375
Accel:  +0.40  -0.40  +0.88 || 380      Gyro:  +46.90   +0.65   -1.50 || 380
Accel:  +0.40  -0.41  +0.88 || 385      Gyro:  +45.54   -0.37   -1.42 || 385
Accel:  +0.44  -0.41  +0.87 || 390      Gyro:  +46.05   -1.06   -2.72 || 390
Accel:  +0.43  -0.40  +0.86 || 395      Gyro:  +45.53   -1.85   -0.21 || 395