Accel:  +0.40  +0.00  +0.97 || 0        Gyro:  +51.21   -4.43   -8.26 || 0
Accel:  +0.46  +0.01  +0.91 || 5        Gyro:  +54.60   +1.08   -3.80 || 5
Accel:  +0.44  +0.03  +0.97 || 10       Gyro:  +57.47   +9.52   -4.55 || 10
Accel:  +0.41  +0.03  +0.99 || 15       Gyro:  +55.45   +5.58   -0.52 || 15
Accel:  +0.33  +0.04  +1.03 || 20       Gyro:  +58.66   -5.42   +2.08 || 20
Accel:  +0.37  +0.04  +0.96 || 25       Gyro:  +51.31   -3.40   +1.18 || 25
Accel:  +0.39  +0.04  +0.96 || 30       Gyro:  +46.79   -0.08   +0.86 || 30
Accel:  +0.37  +0.05  +0.98 || 35       Gyro:  +45.31   +0.99   +1.24 || 35
Accel:  +0.38  +0.02  +0.97 || 40       Gyro:  +46.10   +1.83   -1.49 || 40
Accel:  +0.37  +0.05  +0.95 || 45       Gyro:  +40.91   +2.67   +3.37 || 45
Accel:  +0.40  +0.02  +0.96 || 50       Gyro:  +48.42   +6.24   +2.84 || 50
Accel:  +0.38  +0.01  +0.94 || 55       Gyro:  +45.08   -1.60   +1.60 || 55
Accel:  +0.33  +0.00  +0.91 || 60       Gyro:  +51.65   +0.07   -5.49 || 60
Accel:  +0.34  +0.03  +0.97 || 65       Gyro:  +51.73  -11.16  -16.44 || 65
Accel:  +0.37  -0.01  +0.99 || 70       Gyro:  +15.67  -31.26   +1.63 || 70
Accel:  +0.41  +0.04  +1.00 || 75       Gyro:  +20.14  -30.23  +15.14 || 75
Accel:  +0.50  +0.00  +1.03 || 80       Gyro:  +45.51   -5.38   -2.87 || 80
Accel:  +0.52  -0.13  +0.92 || 85       Gyro:  +61.60   -0.15  -25.27 || 85
Accel:  +0.48  -0.06  +0.88 || 90       Gyro:  +61.23  +10.90   -9.69 || 90
Accel:  +0.44  -0.00  +1.04 || 95       Gyro:  +58.28  +10.82   +2.78 || 95
Accel:  +0.47  +0.01  +0.98 || 100      Gyro:  +45.08  +19.76   +4.36 || 100
Accel:  +0.39  +0.00  +0.95 || 105      Gyro:  +51.11  +24.25   +0.21 || 105
Accel:  +0.39  +0.01  +0.99 || 110      Gyro:  +56.30  +43.82   -5.79 || 110
Accel:  +0.43  +0.05  +0.97 || 115      Gyro:  +58.05  +68.60   -9.37 || 115
Accel:  +0.34  -0.01  +0.90 || 120      Gyro:  +48.38 +115.76  -33.17 || 120
Accel:  +0.31  -0.04  +0.80 || 125      Gyro:  +39.31 +132.72   +0.44 || 125
Accel:  +0.01  -0.02  +0.77 || 130      Gyro:  +48.99 +159.93   -8.10 || 130
Accel:  -0.04  +0.00  +0.70 || 135      Gyro:  +52.66 +189.22   -8.70 || 135
Accel:  -0.18  -0.00  +0.53 || 140      Gyro:  +49.03 +203.14  -27.50 || 140
Accel:  -0.37  -0.12  +0.24 || 145      Gyro:  +19.70 +248.92  -50.27 || 145
Accel:  -0.40  -0.03  +0.15 || 150      Gyro:   -3.15 +192.57  -13.50 || 150
Accel:  -0.47  -0.19  -0.05 || 155      Gyro:   +4.15 +132.56   +5.47 || 155
Accel:  -0.62  -0.18  -0.15 || 160      Gyro:  +26.72 +100.94  +18.16 || 160
Accel:  -0.47  -0.14  -0.16 || 165      Gyro:  +43.85  +90.73  +10.78 || 165
Accel:  -0.41  -0.07  -0.23 || 170      Gyro:  +31.09 +102.25  +24.97 || 170
Accel:  -0.47  +0.07  -0.14 || 175      Gyro:   +4.87  +70.21  +32.95 || 175
Accel:  -0.56  -0.07  -0.38 || 180      Gyro:  +31.07  +20.44  +27.85 || 180
Accel:  -0.48  +0.02  -0.34 || 185      Gyro:  +48.82   +8.56  +20.39 || 185
Accel:  -0.47  +0.03  -0.32 || 190      Gyro:  +43.40   -3.85  +23.11 || 190
Accel:  -0.49  +0.04  -0.34 || 195      Gyro:  +48.82   +5.76   -3.47 || 195
Accel:  -0.45  +0.01  -0.36 || 200      Gyro:  +51.20   -7.02   +0.92 || 200
Accel:  -0.57  +0.05  -0.33 || 205      Gyro:  +56.31  -16.37   -7.89 || 205
Accel:  -0.46  +0.10  -0.36 || 210      Gyro:  +60.06  -51.40   +4.27 || 210
Accel:  -0.56  -0.00  -0.29 || 215      Gyro:  +65.51  -87.82   +5.88 || 215
Accel:  -0.57  -0.01  -0.15 || 220      Gyro:  +81.46 -122.11   -8.29 || 220
Accel:  -0.55  +0.07  -0.04 || 225      Gyro:  +69.04 -164.95  +21.39 || 225
Accel:  -0.53  -0.01  +0.05 || 230      Gyro:  +93.77 -146.09  -41.60 || 230
Accel:  -0.31  -0.02  +0.22 || 235      Gyro:  +60.69 -136.44   -9.18 || 235
Accel:  -0.31  +0.06  +0.39 || 240      Gyro:  +64.44 -127.31  -13.73 || 240
Accel:  -0.31  -0.01  +0.45 || 245      Gyro:  +59.40 -115.53   -6.96 || 245
Accel:  -0.31  -0.00  +0.56 || 250      Gyro:  +63.79 -122.08   +2.49 || 250
Accel:  -0.17  -0.05  +0.55 || 255      Gyro:  -14.02 -237.26  +15.79 || 255
Accel:  +0.17  -0.06  +0.62 || 260      Gyro:  +93.56 -194.35  -29.29 || 260
Accel:  +0.21  +0.10  +0.84 || 265      Gyro:  +80.92 -126.41  -23.74 || 265
Accel:  +0.33  -0.10  +0.78 || 270      Gyro:  +70.15 -152.96  +10.11 || 270
Accel:  +0.33  +0.07  +0.91 || 275      Gyro: +110.20 -118.27  +19.25 || 275
Accel:  +0.49  +0.21  +1.03 || 280      Gyro:  +75.47 -120.21  +28.35 || 280
Accel:  +0.60  +0.20  +0.99 || 285      Gyro:  +72.76  -55.93   -0.05 || 285
Accel:  +0.72  +0.14  +0.93 || 290      Gyro:  +51.35  -34.37   -9.95 || 290
Accel:  +0.64  +0.15  +0.97 || 295      Gyro:  +32.37  -34.37  +13.66 || 295
Accel:  +0.62  +0.14  +0.93 || 300      Gyro:  +35.55   +3.88   -4.89 || 300
Accel:  +0.61  +0.10  +0.97 || 305      Gyro:  +44.73  +19.63  -37.75 || 305
Accel:  +0.58  +0.07  +0.93 || 310      Gyro:  +41.77   +4.77   -3.78 || 310
Accel:  +0.55  +0.16  +0.98 || 315      Gyro:  +51.84   +1.47   -2.13 || 315
Accel:  +0.59  +0.14  +0.98 || 320      Gyro:  +39.76   +8.13   -2.38 || 320
Accel:  +0.58  +0.05  +0.93 || 325      Gyro:  +42.24  +11.48   -2.73 || 325
Accel:  +0.53  +0.14  +1.01 || 330      Gyro:  +54.01   +8.20  -20.29 || 330
Accel:  +0.59  +0.05  +0.92 || 335      Gyro:  +51.31   +6.66   -3.40 || 335
Accel:  +0.49  +0.13  +0.98 || 340      Gyro:  +50.27   +7.15   -7.86 || 340
Accel:  +0.57  +0.08  +0.93 || 345      Gyro:  +50.82   +1.69   +0.55 || 345
Accel:  +0.54  +0.11  +0.96 || 350      Gyro:  +44.99   +2.95   -0.36 || 350
Accel:  +0.55  +0.10  +0.96 || 355      Gyro:  +45.95   -0.50   -1.54 || 355
Accel:  +0.55  +0.09  +0.94 || 360      Gyro:  +48.46   -8.23   -1.15 || 360
Accel:  +0.53  +0.11  +0.97 || 365      Gyro:  +45.24   +1.67  -31.40 || 365
Accel:  +0.53  +0.10  +0.97 || 370      Gyro:  +45.87   +3.46   -8.30 || 370
Accel:  +0.56  +0.10  +0.99 || 375      Gyro:  +50.34   -3.40   +5.10 || 375
Accel:  +0.56  +0.11  +0.98 || 380      Gyro:  +46.16   +3.16   +2.25 || 380
Accel:  +0.51  +0.08  +0.95 || 385      Gyro:  +51.77   -3.37   +8.96 || 385
Accel:  +0.54  +0.12  +0.97 || 390      Gyro:  +53.08   +3.20   -5.65 || 390
Accel:  +0.54  +0.11  +0.97 || 395      Gyro:  +53.60   +1.97   +6.11 || 395