Accel:  -0.19  -0.27  +0.50 || 0        Gyro:  +65.73  +76.83  -19.09 || 0
Accel:  -0.17  -0.32  +0.44 || 5        Gyro:  +63.00  +70.96  -30.82 || 5
Accel:  -0.28  -0.34  +0.40 || 10       Gyro:  +71.31  +62.30   -8.37 || 10
Accel:  -0.40  -0.37  +0.56 || 15       Gyro:  +49.05  +52.47   +2.84 || 15
Accel:  -0.35  -0.40  +0.45 || 20       Gyro:  +55.02  +49.83  +27.85 || 20
Accel:  -0.38  -0.29  +0.38 || 25       Gyro:  +51.16  +28.22  +21.05 || 25
Accel:  -0.40  -0.23  +0.33 || 30       Gyro:  +49.02  +22.20   +4.88 || 30
Accel:  -0.33  -0.33  +0.34 || 35       Gyro:  +51.45  +12.63   +4.56 || 35
Accel:  -0.33  -0.27  +0.37 || 40       Gyro:  +52.35   +1.16  +16.80 || 40
Accel:  -0.40  -0.20  +0.34 || 45       Gyro:  +55.73   +7.15   -6.31 || 45
Accel:  -0.39  -0.34  +0.41 || 50       Gyro:  +66.41  +11.50   -1.95 || 50
Accel:  -0.36  -0.34  +0.34 || 55       Gyro:  +56.83   -0.09   +4.37 || 55
Accel:  -0.34  -0.33  +0.35 || 60       Gyro:  +57.79   +1.09  +24.55 || 60
Accel:  -0.49  -0.16  +0.35 || 65       Gyro:  +57.81   +1.84   +5.99 || 65
Accel:  -0.40  -0.26  +0.31 || 70       Gyro:  +55.37   +6.90   -2.98 || 70
Accel:  -0.34  -0.26  +0.33 || 75       Gyro:  +43.66   -5.25   +2.42 || 75
Accel:  -0.33  -0.24  +0.36 || 80       Gyro:  +51.25   -3.06   -0.18 || 80
Accel:  -0.30  -0.28  +0.34 || 85       Gyro:  +52.74   -0.31   +0.34 || 85
Accel:  -0.25  -0.23  +0.26 || 90       Gyro:  +68.23   -0.83  +14.21 || 90
Accel:  -0.37  -0.23  +0.38 || 95       Gyro:  +71.97  -12.24  +13.13 || 95
Accel:  -0.44  -0.25  +0.47 || 100      Gyro:  +57.85   -8.43   +7.01 || 100
Accel:  -0.42  -0.16  +0.36 || 105      Gyro:  +49.50   -3.78   -4.43 || 105
Accel:  -0.32  -0.21  +0.29 || 110      Gyro:  +52.87   -3.52   -5.24 || 110
Accel:  -0.32  -0.25  +0.38 || 115      Gyro:  +46.98   -7.17   +3.91 || 115
Accel:  -0.35  -0.20  +0.41 || 120      Gyro:  +48.44   +1.89   -0.18 || 120
Accel:  -0.30  -0.24  +0.36 || 125      Gyro:  +49.06   -0.84   +3.66 || 125
Accel:  -0.37  -0.20  +0.40 || 130      Gyro:  +51.62   -1.68   +5.03 || 130
Accel:  -0.37  -0.22  +0.39 || 135      Gyro:  +49.37   +0.71   +2.75 || 135
Accel:  -0.37  -0.22  +0.39 || 140      Gyro:  +45.56   +0.15   +1.46 || 140
Accel:  -0.34  -0.21  +0.38 || 145      Gyro:  +41.61   +2.06   +4.28 || 145
Accel:  -0.35  -0.19  +0.36 || 150      Gyro:  +43.14   -3.15   +3.32 || 150
Accel:  -0.36  -0.20  +0.37 || 155      Gyro:  +50.60   +0.56   +1.52 || 155
Accel:  -0.34  -0.21  +0.37 || 160      Gyro:  +50.02   -2.07   -0.40 || 160
Accel:  -0.36  -0.21  +0.41 || 165      Gyro:  +49.11   -1.61   +0.88 || 165
Accel:  -0.41  -0.21  +0.41 || 170      Gyro:  +50.08   -2.60   +0.31 || 170
Accel:  -0.53  -0.20  +0.43 || 175      Gyro:  +43.23  -19.00   -2.47 || 175
Accel:  -0.63  -0.19  +0.51 || 180      Gyro:  +30.85  -39.54  -15.72 || 180
Accel:  -0.55  -0.12  +0.47 || 185      Gyro:  +21.08  -65.11  -40.27 || 185
Accel:  -0.32  -0.25  +0.52 || 190      Gyro:  +16.22  -99.15  -43.47 || 190
Accel:  -0.12  -0.33  +0.51 || 195      Gyro:  +35.32 -137.25  -10.65 || 195
Accel:  -0.05  -0.31  +0.45 || 200      Gyro:  +38.95 -147.78   +9.91 || 200
Accel:  -0.01  -0.28  +0.44 || 205      Gyro:  +46.31 -100.05   +3.42 || 205
Accel:  +0.04  -0.34  +0.60 || 210      Gyro:  +62.68  -73.50   -3.95 || 210
Accel:  +0.09  -0.33  +0.63 || 215      Gyro:  +11.37  -72.09   +3.98 || 215
Accel:  +0.27  -0.42  +0.86 || 220      Gyro:  +12.79  -54.76   +1.20 || 220
Accel:  +0.31  -0.45  +0.75 || 225      Gyro:  +26.23  -28.89  +14.34 || 225
Accel:  +0.30  -0.34  +0.85 || 230      Gyro:  +28.40  -20.90  +17.76 || 230
Accel:  +0.30  -0.39  +0.87 || 235      Gyro:  +49.46   +1.69  +12.94 || 235
Accel:  +0.22  -0.37  +0.89 || 240      Gyro:  +51.02   -1.91  +17.99 || 240
Accel:  +0.14  -0.34  +0.77 || 245      Gyro:  +44.89   +4.02  +20.15 || 245
Accel:  +0.13  -0.37  +0.84 || 250      Gyro:  +40.31   -6.63   +9.88 || 250
Accel:  +0.16  -0.42  +0.85 || 255      Gyro:  +42.02   -6.35   +8.63 || 255
Accel:  +0.16  -0.36  +0.82 || 260      Gyro:  +47.50   -5.74   -1.95 || 260
Accel:  +0.19  -0.40  +0.79 || 265      Gyro:  +37.15   -9.18   -2.12 || 265
Accel:  +0.18  -0.38  +0.81 || 270      Gyro:  +46.98   -3.27   +3.60 || 270
Accel:  +0.20  -0.41  +0.83 || 275      Gyro:  +39.51   -5.38   +0.69 || 275
Accel:  +0.21  -0.41  +0.81 || 280      Gyro:  +29.85  -16.20  +14.49 || 280
Accel:  +0.17  -0.39  +0.80 || 285      Gyro:  +44.50   -8.97   +3.50 || 285
Accel:  +0.19  -0.41  +0.79 || 290      Gyro:  +48.31   +1.83   -3.55 || 290
Accel:  +0.19  -0.41  +0.81 || 295      Gyro:  +44.64   -0.92   +3.85 || 295
Accel:  +0.19  -0.39  +0.82 || 300      Gyro:  +49.17   +1.92   -2.04 || 300
Accel:  +0.20  -0.42  +0.83 || 305      Gyro:  +45.94   -0.28   -1.98 || 305
Accel:  +0.20  -0.42  +0.81 || 310      Gyro:  +46.31   +1.70   -0.05 || 310
Accel:  +0.18  -0.40  +0.78 || 315      Gyro:  +47.10   +1.02   -1.69 || 315
Accel:  +0.20  -0.42  +0.80 || 320      Gyro:  +49.33   +1.96   -1.02 || 320
Accel:  +0.19  -0.41  +0.81 || 325      Gyro:  +46.59   -0.16   -0.37 || 325
Accel:  +0.20  -0.41  +0.79 || 330      Gyro:  +45.36   +0.05   -0.66 || 330
Accel:  +0.20  -0.43  +0.81 || 335      Gyro:  +46.26   +0.61   -1.75 || 335
Accel:  +0.22  -0.44  +0.82 || 340      Gyro:  +47.40   +2.41   +2.80 || 340
Accel:  +0.19  -0.43  +0.78 || 345      Gyro:  +49.49   +4.60   +5.46 || 345
Accel:  +0.20  -0.41  +0.81 || 350      Gyro:  +48.63   +1.65   +4.92 || 350
Accel:  +0.16  -0.40  +0.79 || 355      Gyro:  +49.73   +3.79   +3.61 || 355
Accel:  +0.17  -0.41  +0.81 || 360      Gyro:  +47.24   +1.27   +1.05 || 360
Accel:  +0.19  -0.42  +0.81 || 365      Gyro:  +48.02   -0.15   -1.43 || 365
Accel:  +0.19  -0.43  +0.80 || 370      Gyro:  +49.48   -0.35   +1.19 || 370
Accel:  +0.17  -0.41  +0.81 || 375      Gyro:  +49.63   +1.44   +2.69 || 375
Accel:  +0.17  -0.41  +0.80 || 380      Gyro:  +48.18   -0.98   +0.75 || 380
Accel:  +0.17  -0.42  +0.79 || 385      Gyro:  +48.64   +2.85   +1.63 || 385
Accel:  +0.16  -0.42  +0.79 || 390      Gyro:  +50.10   +1.96   +0.78 || 390
Accel:  +0.17  -0.41  +0.80 || 395      Gyro:  +48.25   +3.39   +2.68 || 395
I (4345) main_task: Returned from app_main()