Accel:  +0.50  +0.11  +0.97 || 0        Gyro:  +24.70  -77.98   -9.58 || 0
Accel:  +0.62  +0.03  +0.91 || 5        Gyro:  +39.34  -35.67   +1.20 || 5
Accel:  +0.66  +0.05  +0.94 || 10       Gyro:  +41.19   -7.12   -9.89 || 10
Accel:  +0.69  +0.08  +0.96 || 15       Gyro:  +32.31   -3.66  -12.54 || 15
Accel:  +0.72  +0.08  +1.10 || 20       Gyro:   +6.45  +12.02   -4.26 || 20
Accel:  +0.59  +0.10  +0.99 || 25       Gyro:  +10.53  +21.11   +1.18 || 25
Accel:  +0.59  -0.01  +0.97 || 30       Gyro:  +32.89  +20.68  -31.55 || 30
Accel:  +0.51  -0.08  +0.88 || 35       Gyro:  +49.15  +20.17  -14.70 || 35
Accel:  +0.60  -0.03  +0.95 || 40       Gyro:  +59.05  +30.36  -31.63 || 40
Accel:  +0.53  +0.03  +1.00 || 45       Gyro:  +58.98  +51.65  -20.13 || 45
Accel:  +0.40  -0.09  +0.86 || 50       Gyro:  +44.67  +36.43   +7.78 || 50
Accel:  +0.50  +0.01  +0.95 || 55       Gyro:  +40.73  +51.14  -15.44 || 55
Accel:  +0.37  +0.10  +1.00 || 60       Gyro:  +64.66  +97.66  -14.94 || 60
Accel:  +0.21  +0.11  +0.90 || 65       Gyro:  +55.05  +55.40   +4.31 || 65
Accel:  +0.14  -0.01  +0.95 || 70       Gyro:  +35.63  +78.11   -0.09 || 70
Accel:  +0.03  -0.08  +0.78 || 75       Gyro:  +42.36  +77.31   -3.24 || 75
Accel:  +0.05  -0.01  +0.84 || 80       Gyro:  +36.51  +55.44   +7.36 || 80
Accel:  -0.02  +0.04  +0.88 || 85       Gyro:  +39.09  +60.47   +4.79 || 85
Accel:  +0.11  -0.04  +0.81 || 90       Gyro:  +64.63  +72.92  +13.01 || 90
Accel:  -0.02  +0.01  +0.77 || 95       Gyro:  +52.78  +90.62  +10.83 || 95
Accel:  -0.14  +0.06  +0.73 || 100      Gyro:  +30.08  +88.82   -0.16 || 100
Accel:  -0.08  -0.04  +0.65 || 105      Gyro:  +46.56  +78.33   +7.06 || 105
Accel:  -0.20  -0.01  +0.59 || 110      Gyro:  +48.31  +79.25  +22.08 || 110
Accel:  -0.17  +0.11  +0.57 || 115      Gyro:  +55.56 +147.37  +25.57 || 115
Accel:  -0.42  +0.00  +0.37 || 120      Gyro:  +56.88  +97.79  +25.43 || 120
Accel:  -0.29  -0.08  +0.29 || 125      Gyro:  +84.57  +80.03  +72.49 || 125
Accel:  -0.61  +0.24  +0.31 || 130      Gyro:  +57.21  +64.00  +36.89 || 130
Accel:  -0.42  +0.15  +0.18 || 135      Gyro:  +55.70  +81.48  +30.48 || 135
Accel:  -0.54  +0.21  +0.10 || 140      Gyro:  +64.74  +64.38  +16.35 || 140
Accel:  -0.49  +0.23  +0.06 || 145      Gyro:  +46.43  +53.55  +27.45 || 145
Accel:  -0.46  +0.15  +0.02 || 150      Gyro:   +6.10  +59.58  -52.02 || 150
Accel:  -0.43  +0.11  -0.01 || 155      Gyro:  +29.92  +53.84  -35.36 || 155
Accel:  -0.48  +0.13  -0.01 || 160      Gyro:  +38.12  +37.01   -7.02 || 160
Accel:  -0.42  +0.14  -0.02 || 165      Gyro:  +29.85  +62.27  -16.60 || 165
Accel:  -0.49  +0.07  -0.16 || 170      Gyro:  +36.27  +49.04   +0.78 || 170
Accel:  -0.62  +0.13  -0.13 || 175      Gyro:  +48.14  +30.71  -12.79 || 175
Accel:  -0.36  -0.00  -0.22 || 180      Gyro:  +37.00  -14.28   +7.71 || 180
Accel:  -0.59  +0.16  -0.08 || 185      Gyro:  +42.35   +2.88   +7.28 || 185
Accel:  -0.54  +0.08  -0.16 || 190      Gyro:  +48.14  -40.32   -6.85 || 190
Accel:  -0.58  +0.05  -0.18 || 195      Gyro:  +59.15 -105.63  -16.05 || 195
Accel:  -0.48  +0.20  +0.24 || 200      Gyro:  +67.26 -189.41  -13.66 || 200
Accel:  -0.40  +0.05  +0.17 || 205      Gyro:  +51.89 -110.12  -25.77 || 205
Accel:  -0.40  +0.03  +0.31 || 210      Gyro:  +46.22  -98.40  -43.95 || 210
Accel:  -0.40  +0.03  +0.38 || 215      Gyro:  +38.80  -57.85  -44.02 || 215
Accel:  -0.28  -0.02  +0.41 || 220      Gyro:  +25.77  -43.32  -18.14 || 220
Accel:  -0.35  -0.06  +0.43 || 225      Gyro:  +39.79  -46.69  -30.50 || 225
Accel:  -0.32  -0.08  +0.46 || 230      Gyro:  +48.96  -55.62  -25.53 || 230
Accel:  -0.27  -0.11  +0.49 || 235      Gyro:  +53.56  -47.40  -23.89 || 235
Accel:  -0.25  -0.09  +0.56 || 240      Gyro:  +57.97  -56.68  -13.83 || 240
Accel:  -0.24  -0.03  +0.68 || 245      Gyro:  +46.68  -38.02   -0.20 || 245
Accel:  -0.22  -0.09  +0.64 || 250      Gyro:  +46.07  -72.61  -31.20 || 250
Accel:  -0.27  -0.11  +0.70 || 255      Gyro:  +36.53  -71.55  -27.69 || 255
Accel:  -0.07  -0.14  +0.69 || 260      Gyro:  +50.40  -83.48  -33.83 || 260
Accel:  -0.03  -0.21  +0.70 || 265      Gyro:  +55.39  -70.93  -24.99 || 265
Accel:  +0.04  -0.11  +0.79 || 270      Gyro:  +51.48  -62.84  -21.35 || 270
Accel:  +0.07  -0.16  +0.82 || 275      Gyro:  +63.89  -26.27  -29.61 || 275
Accel:  +0.10  -0.19  +0.83 || 280      Gyro:  +77.05  -71.75   -0.74 || 280
Accel:  +0.09  -0.14  +0.89 || 285      Gyro:  +72.46  -92.25  +23.46 || 285
Accel:  +0.15  -0.20  +0.79 || 290      Gyro:  +98.63 -156.42  +39.47 || 290
Accel:  +0.33  +0.05  +0.95 || 295      Gyro: +127.43  -78.10  -30.32 || 295
Accel:  +0.47  +0.18  +1.09 || 300      Gyro:  +39.93  -92.63  -32.56 || 300
Accel:  +0.57  +0.07  +0.99 || 305      Gyro:  +33.87  -64.39  -31.18 || 305
Accel:  +0.62  +0.04  +1.01 || 310      Gyro:  +35.79  -36.47  -44.55 || 310
Accel:  +0.61  +0.01  +0.98 || 315      Gyro:  +30.86  -21.47  -28.37 || 315
Accel:  +0.55  -0.09  +0.91 || 320      Gyro:  +49.34   +0.86  -18.32 || 320
Accel:  +0.51  -0.03  +0.99 || 325      Gyro:  +61.95   -4.01   +0.61 || 325
Accel:  +0.45  +0.01  +0.98 || 330      Gyro:  +61.73  -37.84  +28.69 || 330
Accel:  +0.60  -0.03  +1.00 || 335      Gyro:  +50.11   -2.09   -9.28 || 335
Accel:  +0.56  -0.02  +0.96 || 340      Gyro:  +50.53  -15.40   -4.03 || 340
Accel:  +0.61  +0.00  +0.99 || 345      Gyro:  +53.50  -15.43   -5.42 || 345
Accel:  +0.59  -0.00  +0.98 || 350      Gyro:  +42.60  -20.24   -8.94 || 350
Accel:  +0.64  -0.02  +0.93 || 355      Gyro:  +53.80  -17.42   +2.38 || 355
Accel:  +0.64  +0.01  +0.98 || 360      Gyro:  +55.83   +1.30   +6.85 || 360
Accel:  +0.60  +0.03  +1.02 || 365      Gyro:  +47.51   -1.38   +0.07 || 365
Accel:  +0.65  -0.00  +0.94 || 370      Gyro:  +48.42   -8.97   +2.23 || 370
Accel:  +0.60  -0.00  +0.95 || 375      Gyro:  +48.04   -2.98   +3.26 || 375
Accel:  +0.66  -0.00  +0.94 || 380      Gyro:  +47.73   +2.08   +1.83 || 380
Accel:  +0.66  +0.02  +0.98 || 385      Gyro:  +51.34  +10.75  +10.65 || 385
Accel:  +0.58  -0.01  +0.97 || 390      Gyro:  +48.56   +7.49  +23.79 || 390
Accel:  +0.56  +0.07  +1.05 || 395      Gyro:  +47.95   +1.54  +27.58 || 395