Accel:  -0.17  +0.46  -0.17 || 0        Gyro:  +87.53  +82.40  +75.85 || 0
Accel:  -0.35  +0.58  +0.04 || 5        Gyro:  +64.37  +39.42  +39.00 || 5
Accel:  -0.20  +0.53  -0.17 || 10       Gyro:  +48.44  +23.27  +59.05 || 10
Accel:  -0.12  +0.64  -0.24 || 15       Gyro:  +97.69  +69.41 +103.50 || 15
Accel:  -0.42  +0.92  +0.03 || 20       Gyro:  +38.31  +37.47  +68.58 || 20
Accel:  -0.17  +0.81  -0.27 || 25       Gyro:  +21.06  +29.73  +41.48 || 25
Accel:  -0.25  +0.88  -0.14 || 30       Gyro:  +70.49  -14.40  +71.21 || 30
Accel:  -0.09  +0.82  +0.06 || 35       Gyro:  +28.23  -30.85   +3.78 || 35
Accel:  +0.02  +0.72  -0.12 || 40       Gyro:  +26.01  -22.49  +31.60 || 40
Accel:  -0.08  +0.76  +0.07 || 45       Gyro:  +40.23  -20.43  +14.04 || 45
Accel:  -0.01  +0.71  +0.02 || 50       Gyro:  +24.52  -17.03  +14.96 || 50
Accel:  -0.01  +0.74  -0.07 || 55       Gyro:  +51.25   -0.60  +17.11 || 55
Accel:  -0.05  +0.81  -0.01 || 60       Gyro:  +45.71   -2.56  +11.47 || 60
Accel:  -0.05  +0.87  -0.01 || 65       Gyro:  +49.67   +0.58   +9.66 || 65
Accel:  -0.01  +0.87  -0.00 || 70       Gyro:  +47.96   +5.46   +7.35 || 70
Accel:  -0.03  +0.88  -0.03 || 75       Gyro:  +43.52   +2.29   +0.76 || 75
Accel:  -0.01  +0.84  +0.01 || 80       Gyro:  +41.23   -2.81   -5.21 || 80
Accel:  -0.02  +0.84  -0.02 || 85       Gyro:  +36.68   -0.98   -6.21 || 85
Accel:  -0.02  +0.80  +0.01 || 90       Gyro:  +33.21   -8.64  -12.80 || 90
Accel:  +0.02  +0.78  +0.01 || 95       Gyro:  +41.82   -3.95   -4.33 || 95
Accel:  -0.06  +0.82  -0.03 || 100      Gyro:  +54.94   +1.31   -5.28 || 100
Accel:  -0.01  +0.79  -0.03 || 105      Gyro:  +65.66   -2.69   -8.90 || 105
Accel:  -0.02  +0.81  +0.02 || 110      Gyro:  +62.88   -1.83   -1.04 || 110
Accel:  -0.07  +0.86  +0.01 || 115      Gyro:  +52.08   -6.76   +0.37 || 115
Accel:  -0.06  +0.85  +0.02 || 120      Gyro:  +47.37   -2.87   -1.07 || 120
Accel:  -0.08  +0.84  +0.00 || 125      Gyro:  +41.31   -9.23   -9.11 || 125
Accel:  -0.17  +0.85  -0.02 || 130      Gyro:  +28.73  -22.63  -26.03 || 130
Accel:  -0.34  +0.93  -0.11 || 135      Gyro:   +2.59  -68.03  -73.21 || 135
Accel:  -0.36  +0.91  +0.12 || 140      Gyro:  -37.81 -101.70 -141.95 || 140
Accel:  -0.34  +0.79  +0.04 || 145      Gyro:  -84.34 -217.05 -205.89 || 145
Accel:  -0.12  +0.48  +0.27 || 150      Gyro:  -51.31 -197.32 -155.76 || 150
Accel:  -0.00  +0.26  +0.34 || 155      Gyro:   +3.08 -181.28 -132.21 || 155
Accel:  +0.24  +0.10  +0.72 || 160      Gyro:  +15.14 -129.26  -61.85 || 160
Accel:  +0.22  +0.04  +0.68 || 165      Gyro:  +34.15 -107.02  -50.02 || 165
Accel:  +0.29  +0.09  +0.94 || 170      Gyro:  +36.00  -75.47  -31.22 || 170
Accel:  +0.29  +0.07  +0.91 || 175      Gyro:  +54.15  -12.84   -8.11 || 175
Accel:  +0.12  +0.19  +1.06 || 180      Gyro:  +49.56   +2.54   -3.47 || 180
Accel:  +0.18  +0.07  +0.83 || 185      Gyro:  +40.42  +12.44   +9.23 || 185
Accel:  +0.05  +0.17  +0.93 || 190      Gyro:  +43.56  +15.31   +8.73 || 190
Accel:  +0.06  +0.10  +0.77 || 195      Gyro:  +41.79  +14.61  +10.16 || 195
Accel:  -0.01  +0.16  +0.85 || 200      Gyro:  +46.75  +17.45   +7.82 || 200
Accel:  +0.06  +0.09  +0.77 || 205      Gyro:  +43.76  +17.80   +9.18 || 205
Accel:  +0.04  +0.14  +0.83 || 210      Gyro:  +50.50  +18.25   +8.38 || 210
Accel:  +0.03  +0.13  +0.81 || 215      Gyro:  +45.75  +21.25  +10.47 || 215
Accel:  -0.02  +0.15  +0.79 || 220      Gyro:  +47.53  +17.65   +9.98 || 220
Accel:  -0.02  +0.13  +0.76 || 225      Gyro:  +42.00  +15.21   +8.76 || 225
Accel:  -0.06  +0.15  +0.77 || 230      Gyro:  +43.08  +10.88   +7.32 || 230
Accel:  -0.04  +0.13  +0.74 || 235      Gyro:  +45.16   +8.98   +5.27 || 235
Accel:  -0.06  +0.14  +0.76 || 240      Gyro:  +44.23   +8.50   +4.81 || 240
Accel:  -0.07  +0.14  +0.75 || 245      Gyro:  +47.79   +5.36   +2.89 || 245
Accel:  -0.05  +0.12  +0.74 || 250      Gyro:  +51.99   +7.62   +3.83 || 250
Accel:  -0.07  +0.15  +0.75 || 255      Gyro:  +56.97  +12.83   +4.72 || 255
Accel:  -0.05  +0.14  +0.73 || 260      Gyro:  +55.30  +12.07   +3.53 || 260
Accel:  -0.08  +0.17  +0.77 || 265      Gyro:  +55.01  +12.02   +5.42 || 265
Accel:  -0.08  +0.16  +0.73 || 270      Gyro:  +49.58   +3.50   +1.49 || 270
Accel:  -0.08  +0.16  +0.74 || 275      Gyro:  +47.86   +2.06   +1.31 || 275
Accel:  -0.08  +0.16  +0.72 || 280      Gyro:  +46.76   +2.79   +1.69 || 280
Accel:  -0.07  +0.16  +0.73 || 285      Gyro:  +50.44   +5.34   +3.23 || 285
Accel:  -0.08  +0.17  +0.76 || 290      Gyro:  +47.68   +4.18   +2.79 || 290
Accel:  -0.08  +0.16  +0.72 || 295      Gyro:  +52.04   +4.23   +2.43 || 295
Accel:  -0.09  +0.17  +0.73 || 300      Gyro:  +50.03   -1.30   +0.87 || 300
Accel:  -0.10  +0.17  +0.72 || 305      Gyro:  +47.50   -1.72   +1.17 || 305
Accel:  -0.11  +0.17  +0.70 || 310      Gyro:  +47.44   -0.60   +0.64 || 310
Accel:  -0.10  +0.17  +0.72 || 315      Gyro:  +49.80   -2.94   +0.46 || 315
Accel:  -0.11  +0.18  +0.74 || 320      Gyro:  +46.25   -4.58   -1.07 || 320
Accel:  -0.07  +0.15  +0.72 || 325      Gyro:  +50.09   -4.46   -2.02 || 325
Accel:  -0.07  +0.17  +0.73 || 330      Gyro:  +49.23   +9.53   -1.91 || 330
Accel:  -0.09  +0.16  +0.73 || 335      Gyro:  +44.10  +10.72   +2.04 || 335
Accel:  -0.08  +0.14  +0.70 || 340      Gyro:  +58.56   +3.26   +1.54 || 340
Accel:  -0.09  +0.17  +0.73 || 345      Gyro:  +52.21   -0.37   +0.56 || 345
Accel:  -0.10  +0.18  +0.74 || 350      Gyro:  +48.22   -0.31   +1.23 || 350
Accel:  -0.09  +0.17  +0.70 || 355      Gyro:  +45.88   -3.98   -0.11 || 355
Accel:  -0.10  +0.17  +0.70 || 360      Gyro:  +49.67   -1.34   -0.36 || 360
Accel:  -0.09  +0.17  +0.72 || 365      Gyro:  +49.91   +3.69   +2.47 || 365
Accel:  -0.11  +0.18  +0.70 || 370      Gyro:  +48.01   +0.35   +0.19 || 370
Accel:  -0.10  +0.18  +0.73 || 375      Gyro:  +50.38   +0.07   +2.16 || 375
Accel:  -0.09  +0.17  +0.70 || 380      Gyro:  +44.78   -4.01   -1.09 || 380
Accel:  -0.07  +0.16  +0.72 || 385      Gyro:  +42.43   +4.05   +3.26 || 385
Accel:  -0.10  +0.16  +0.69 || 390      Gyro:  +47.22   +1.69   +2.51 || 390
Accel:  -0.13  +0.19  +0.74 || 395      Gyro:  +47.85   +2.13   +0.17 || 395