Accel:  +0.27  -0.65  +0.64 || 0        Gyro:  +31.88  +38.25  +47.92 || 0
Accel:  +0.26  -0.66  +0.55 || 5        Gyro:  +24.45  +48.98  +52.91 || 5
Accel:  +0.27  -0.67  +0.47 || 10       Gyro:  +29.46  +73.03  +59.47 || 10
Accel:  +0.11  -0.62  +0.35 || 15       Gyro:  +41.04 +144.07  +71.76 || 15
Accel:  -0.18  -0.66  +0.41 || 20       Gyro:  +42.89 +140.53  +49.09 || 20
Accel:  -0.14  -0.53  +0.32 || 25       Gyro:  +35.47 +102.45  +66.20 || 25
Accel:  -0.30  -0.55  +0.23 || 30       Gyro:  +40.89  +66.24  +88.77 || 30
Accel:  -0.49  -0.54  +0.17 || 35       Gyro:  +45.69  +64.05  +53.40 || 35
Accel:  -0.41  -0.42  +0.15 || 40       Gyro:  +48.27  +50.05  +40.94 || 40
Accel:  -0.43  -0.46  +0.17 || 45       Gyro:  +56.56  +35.68  +45.56 || 45
Accel:  -0.46  -0.44  +0.15 || 50       Gyro:  +58.50  +27.58  +36.76 || 50
Accel:  -0.49  -0.42  +0.14 || 55       Gyro:  +56.30  +12.78  +23.40 || 55
Accel:  -0.43  -0.36  +0.14 || 60       Gyro:  +52.12   -1.17  +23.72 || 60
Accel:  -0.40  -0.38  +0.14 || 65       Gyro:  +47.67   -2.82   +3.78 || 65
Accel:  -0.37  -0.33  +0.12 || 70       Gyro:  +47.50   -0.58   +1.00 || 70
Accel:  -0.37  -0.36  +0.14 || 75       Gyro:  +42.36   -1.73   +3.61 || 75
Accel:  -0.38  -0.37  +0.12 || 80       Gyro:  +43.82   +0.21   -1.34 || 80
Accel:  -0.39  -0.38  +0.12 || 85       Gyro:  +41.08   +0.77   -1.98 || 85
Accel:  -0.40  -0.35  +0.13 || 90       Gyro:  +45.37   +2.46   +2.53 || 90
Accel:  -0.40  -0.37  +0.13 || 95       Gyro:  +47.85   +1.04   +2.76 || 95
Accel:  -0.38  -0.35  +0.15 || 100      Gyro:  +45.66   +2.43   +4.40 || 100
Accel:  -0.31  -0.33  +0.16 || 105      Gyro:  +26.32   +5.40  +16.02 || 105
Accel:  -0.41  -0.37  +0.10 || 110      Gyro:  +33.19   +8.92  +33.07 || 110
Accel:  -0.46  -0.34  +0.09 || 115      Gyro:  +30.85   +8.44  +25.82 || 115
Accel:  -0.43  -0.32  +0.08 || 120      Gyro:  +40.48   +3.03  +16.38 || 120
Accel:  -0.46  -0.32  +0.09 || 125      Gyro:  +44.63   +0.52   +5.07 || 125
Accel:  -0.42  -0.31  +0.07 || 130      Gyro:  +51.77   -0.86   -2.89 || 130
Accel:  -0.41  -0.28  +0.09 || 135      Gyro:  +53.08   +3.07   +2.52 || 135
Accel:  -0.43  -0.30  +0.10 || 140      Gyro:  +46.78   -1.76   +3.47 || 140
Accel:  -0.43  -0.30  +0.10 || 145      Gyro:  +47.38   +0.31   +6.27 || 145
Accel:  -0.43  -0.30  +0.11 || 150      Gyro:  +49.97   -0.41   +5.79 || 150
Accel:  -0.46  -0.28  +0.06 || 155      Gyro:  +48.21  -10.39   -4.59 || 155
Accel:  -0.43  -0.28  +0.10 || 160      Gyro:  +40.53   -7.38   -1.60 || 160
Accel:  -0.39  -0.30  +0.10 || 165      Gyro:  +45.22   -2.55   -6.02 || 165
Accel:  -0.40  -0.31  +0.10 || 170      Gyro:  +50.00   +2.49   -1.70 || 170
Accel:  -0.43  -0.31  +0.10 || 175      Gyro:  +51.15   -1.44   -4.80 || 175
Accel:  -0.41  -0.29  +0.11 || 180      Gyro:  +54.55   -0.60   -2.31 || 180
Accel:  -0.41  -0.31  +0.12 || 185      Gyro:  +50.41   -4.23   -3.21 || 185
Accel:  -0.41  -0.31  +0.12 || 190      Gyro:  +48.02   -1.63   -3.59 || 190
Accel:  -0.40  -0.31  +0.13 || 195      Gyro:  +45.90   -6.18   -1.21 || 195
Accel:  -0.42  -0.31  +0.09 || 200      Gyro:  +50.08   -6.14   +3.00 || 200
Accel:  -0.42  -0.32  +0.10 || 205      Gyro:  +50.47   -8.17   -4.47 || 205
Accel:  -0.41  -0.31  +0.14 || 210      Gyro:  +49.74   -8.63   -5.25 || 210
Accel:  -0.42  -0.32  +0.14 || 215      Gyro:  +48.46   -9.68   -3.69 || 215
Accel:  -0.42  -0.31  +0.15 || 220      Gyro:  +43.48  -13.31   -7.96 || 220
Accel:  -0.42  -0.33  +0.13 || 225      Gyro:  +46.41  -15.43  -13.54 || 225
Accel:  -0.35  -0.34  +0.18 || 230      Gyro:  +46.84   -7.76  -12.05 || 230
Accel:  -0.38  -0.36  +0.19 || 235      Gyro:  +40.70  -12.76   -4.69 || 235
Accel:  -0.38  -0.35  +0.17 || 240      Gyro:  +44.68   -9.48   -3.95 || 240
Accel:  -0.36  -0.36  +0.18 || 245      Gyro:  +44.31   -9.52   -6.53 || 245
Accel:  -0.38  -0.38  +0.18 || 250      Gyro:  +46.82  -10.56   -4.83 || 250
Accel:  -0.35  -0.38  +0.17 || 255      Gyro:  +46.89   -5.20   -5.52 || 255
Accel:  -0.42  -0.37  +0.17 || 260      Gyro:  +44.33  -13.90  -15.19 || 260
Accel:  -0.43  -0.38  +0.20 || 265      Gyro:  +45.26  -19.95  -19.49 || 265
Accel:  -0.49  -0.44  +0.23 || 270      Gyro:  +41.95  -58.01  -42.95 || 270
Accel:  -0.50  -0.44  +0.32 || 275      Gyro:  +35.98 -107.27  -67.72 || 275
Accel:  -0.38  -0.56  +0.27 || 280      Gyro:  +40.83 -169.45  -81.43 || 280
Accel:  -0.06  -0.54  +0.38 || 285      Gyro:  +53.74 -139.76  -80.77 || 285
Accel:  +0.08  -0.52  +0.50 || 290      Gyro:  +54.87 -113.57  -53.57 || 290
Accel:  +0.12  -0.58  +0.65 || 295      Gyro:  +41.18  -88.97  -45.92 || 295
Accel:  +0.18  -0.60  +0.60 || 300      Gyro:  +40.37  -66.05  -49.95 || 300
Accel:  +0.29  -0.65  +0.64 || 305      Gyro:  +45.71  -51.02  -39.76 || 305
Accel:  +0.29  -0.69  +0.62 || 310      Gyro:  +49.24  -54.91  -32.14 || 310
Accel:  +0.37  -0.68  +0.64 || 315      Gyro:  +50.87  -44.47  -28.48 || 315
Accel:  +0.43  -0.68  +0.64 || 320      Gyro:  +57.58  -41.88  -17.66 || 320
Accel:  +0.39  -0.66  +0.65 || 325      Gyro:  +50.18   -6.18   -9.10 || 325
Accel:  +0.32  -0.71  +0.61 || 330      Gyro:  +38.19  +28.62  -28.98 || 330
Accel:  +0.40  -0.69  +0.71 || 335      Gyro:  +52.63   -5.12  -16.63 || 335
Accel:  +0.36  -0.71  +0.73 || 340      Gyro:  +61.07  -26.89   +2.00 || 340
Accel:  +0.38  -0.69  +0.74 || 345      Gyro:  +51.69  -15.27  -18.44 || 345
Accel:  +0.51  -0.66  +0.71 || 350      Gyro:  +40.72   -2.89  -13.11 || 350
Accel:  +0.39  -0.70  +0.67 || 355      Gyro:  +28.98  +21.53  -23.34 || 355
Accel:  +0.49  -0.71  +0.69 || 360      Gyro:  +28.21  +28.81  -22.36 || 360
Accel:  +0.46  -0.76  +0.61 || 365      Gyro:  +51.60  -13.98   +9.78 || 365
Accel:  +0.40  -0.73  +0.66 || 370      Gyro:  +50.62   -2.76   +4.53 || 370
Accel:  +0.40  -0.73  +0.69 || 375      Gyro:  +45.71   +3.11   -4.89 || 375
Accel:  +0.42  -0.72  +0.68 || 380      Gyro:  +49.50   -0.73   +1.47 || 380
Accel:  +0.41  -0.73  +0.66 || 385      Gyro:  +47.38   +2.82   +0.67 || 385
Accel:  +0.40  -0.73  +0.68 || 390      Gyro:  +42.05  +13.50   -2.43 || 390
Accel:  +0.41  -0.74  +0.65 || 395      Gyro:  +46.46   +2.90   -0.08 || 395