Accel:  -0.39  -0.15  +0.69 || 0        Gyro:  +67.73 +115.24  -23.50 || 0
Accel:  -0.31  -0.10  +0.50 || 5        Gyro:  +29.43  +54.04  -25.11 || 5
Accel:  -0.34  -0.02  +0.63 || 10       Gyro:   +8.98  +53.50  -46.15 || 10
Accel:  -0.38  -0.19  +0.55 || 15       Gyro:   +4.20  +31.08  -34.95 || 15
Accel:  -0.29  -0.26  +0.47 || 20       Gyro:  +18.05  +11.38  -27.97 || 20
Accel:  -0.30  -0.33  +0.43 || 25       Gyro:  +42.95  +15.44  -21.63 || 25
Accel:  -0.34  -0.37  +0.44 || 30       Gyro:  +50.55  +23.12   +6.06 || 30
Accel:  -0.29  -0.28  +0.43 || 35       Gyro:  +66.15  +26.85   +8.75 || 35
Accel:  -0.38  -0.21  +0.48 || 40       Gyro:  +52.06   +4.39  +12.37 || 40
Accel:  -0.33  -0.25  +0.42 || 45       Gyro:  +53.41  -10.84   +9.51 || 45
Accel:  -0.31  -0.26  +0.42 || 50       Gyro:  +55.60  -12.50   +5.86 || 50
Accel:  -0.30  -0.22  +0.46 || 55       Gyro:  +55.87  -15.44   +9.35 || 55
Accel:  -0.29  -0.21  +0.45 || 60       Gyro:  +51.44  -12.74   +5.88 || 60
Accel:  -0.31  -0.23  +0.44 || 65       Gyro:  +51.70  -12.79   +4.93 || 65
Accel:  -0.31  -0.20  +0.47 || 70       Gyro:  +49.35  -11.79   +5.40 || 70
Accel:  -0.29  -0.20  +0.48 || 75       Gyro:  +43.28   -9.71   +0.72 || 75
Accel:  -0.31  -0.22  +0.49 || 80       Gyro:  +43.59   -9.45   +0.92 || 80
Accel:  -0.28  -0.24  +0.49 || 85       Gyro:  +45.11  -11.38   +0.47 || 85
Accel:  -0.29  -0.23  +0.51 || 90       Gyro:  +51.12  -14.23   +3.73 || 90
Accel:  -0.28  -0.23  +0.49 || 95       Gyro:  +50.17  -12.73   +1.73 || 95
Accel:  -0.27  -0.22  +0.50 || 100      Gyro:  +49.70  -10.52   +3.01 || 100
Accel:  -0.26  -0.22  +0.52 || 105      Gyro:  +51.46   -3.08   +3.04 || 105
Accel:  -0.26  -0.21  +0.53 || 110      Gyro:  +48.46   -0.77   +1.55 || 110
Accel:  -0.27  -0.20  +0.53 || 115      Gyro:  +48.79   -2.99   +1.96 || 115
Accel:  -0.29  -0.22  +0.54 || 120      Gyro:  +45.04   -3.24   -0.71 || 120
Accel:  -0.27  -0.22  +0.53 || 125      Gyro:  +45.82   -7.82   +0.72 || 125
Accel:  -0.27  -0.24  +0.53 || 130      Gyro:  +48.37   -7.05   +1.50 || 130
Accel:  -0.25  -0.21  +0.53 || 135      Gyro:  +47.36   +0.17   -3.52 || 135
Accel:  -0.27  -0.24  +0.54 || 140      Gyro:  +47.84   -4.01   -8.34 || 140
Accel:  -0.27  -0.24  +0.55 || 145      Gyro:  +54.24   -8.21   -6.43 || 145
Accel:  -0.27  -0.21  +0.58 || 150      Gyro:  +56.16  -11.11   -3.13 || 150
Accel:  -0.24  -0.23  +0.55 || 155      Gyro:  +50.77  -10.84   -1.98 || 155
Accel:  -0.22  -0.22  +0.55 || 160      Gyro:  +47.74   -8.44   -0.40 || 160
Accel:  -0.22  -0.22  +0.55 || 165      Gyro:  +45.08   -3.53   -1.36 || 165
Accel:  -0.23  -0.23  +0.57 || 170      Gyro:  +46.53   -3.47   +0.49 || 170
Accel:  -0.22  -0.24  +0.57 || 175      Gyro:  +47.36   -3.29   +0.40 || 175
Accel:  -0.23  -0.25  +0.57 || 180      Gyro:  +47.98   -3.14   +0.82 || 180
Accel:  -0.23  -0.22  +0.58 || 185      Gyro:  +49.91   -3.27   +1.76 || 185
Accel:  -0.22  -0.24  +0.57 || 190      Gyro:  +47.50   -2.06   +2.41 || 190
Accel:  -0.22  -0.23  +0.57 || 195      Gyro:  +49.76   -0.87   +2.41 || 195
Accel:  -0.25  -0.25  +0.57 || 200      Gyro:  +46.24   -1.27   -2.89 || 200
Accel:  -0.25  -0.22  +0.61 || 205      Gyro:  +49.34  -10.09   -0.89 || 205
Accel:  -0.20  -0.21  +0.58 || 210      Gyro:  +47.24  -11.90   -0.40 || 210
Accel:  -0.24  -0.26  +0.58 || 215      Gyro:  +48.21  -15.24   -2.64 || 215
Accel:  -0.23  -0.27  +0.64 || 220      Gyro:  +48.12  -24.47   +3.38 || 220
Accel:  -0.30  -0.23  +0.64 || 225      Gyro:  +27.92  -16.06  +12.00 || 225
Accel:  -0.29  -0.22  +0.65 || 230      Gyro:   +6.74  -52.95  +21.53 || 230
Accel:  -0.22  -0.21  +0.70 || 235      Gyro:  -10.79  -37.56  +39.37 || 235
Accel:  -0.12  -0.22  +0.62 || 240      Gyro:   +4.70  -40.73  +62.36 || 240
Accel:  -0.07  -0.21  +0.62 || 245      Gyro:  +24.38  -54.44  +82.33 || 245
Accel:  -0.02  -0.11  +0.66 || 250      Gyro:  +22.85  -17.52  +50.23 || 250
Accel:  -0.11  -0.25  +0.64 || 255      Gyro:  +53.36  -19.33  +34.82 || 255
Accel:  +0.05  -0.17  +0.63 || 260      Gyro:  +24.69  -30.79  +34.85 || 260
Accel:  -0.04  -0.20  +0.75 || 265      Gyro:  +35.85   -0.34   -7.62 || 265
Accel:  -0.09  -0.32  +0.69 || 270      Gyro:  +52.74   +6.72   +6.66 || 270
Accel:  -0.07  -0.23  +0.74 || 275      Gyro:  +41.53   +7.88   +3.31 || 275
Accel:  -0.11  -0.28  +0.71 || 280      Gyro:  +43.96   +7.64   -1.02 || 280
Accel:  -0.11  -0.26  +0.70 || 285      Gyro:  +44.98   +0.20   +3.82 || 285
Accel:  -0.11  -0.25  +0.73 || 290      Gyro:  +51.15   -4.34  +10.87 || 290
Accel:  -0.09  -0.19  +0.72 || 295      Gyro:  +60.66  -10.80  +10.37 || 295
Accel:  -0.10  -0.18  +0.71 || 300      Gyro:  +67.34  -10.63   +8.98 || 300
Accel:  -0.04  -0.13  +0.64 || 305      Gyro:  +32.14   -4.01   +9.70 || 305
Accel:  -0.11  -0.20  +0.73 || 310      Gyro:  +36.69   -1.70   +4.65 || 310
Accel:  -0.08  -0.17  +0.74 || 315      Gyro:  +52.27   -5.08  +13.61 || 315
Accel:  -0.09  -0.14  +0.73 || 320      Gyro:  +56.15   -8.35   +9.16 || 320
Accel:  -0.10  -0.15  +0.76 || 325      Gyro:  +48.97   -1.93   +2.86 || 325
Accel:  -0.08  -0.14  +0.72 || 330      Gyro:  +55.95   -0.81   +0.84 || 330
Accel:  -0.06  -0.19  +0.67 || 335      Gyro:  +68.48   -1.76   +3.14 || 335
Accel:  -0.09  -0.12  +0.75 || 340      Gyro:  +36.11   +3.68   -0.70 || 340
Accel:  -0.10  -0.12  +0.77 || 345      Gyro:  +48.79   +3.61   -7.44 || 345
Accel:  -0.09  -0.18  +0.72 || 350      Gyro:  +49.46   -3.82   +4.84 || 350
Accel:  -0.07  -0.14  +0.74 || 355      Gyro:  +47.18   +3.39   -0.35 || 355
Accel:  -0.09  -0.15  +0.71 || 360      Gyro:  +44.15  +10.83   +0.89 || 360
Accel:  -0.10  -0.14  +0.73 || 365      Gyro:  +46.72   -1.73   +4.75 || 365
Accel:  -0.11  -0.17  +0.73 || 370      Gyro:  +43.79   -3.80  +11.60 || 370
Accel:  -0.07  -0.16  +0.69 || 375      Gyro:  +41.34   +8.33   +4.75 || 375
Accel:  -0.08  -0.12  +0.74 || 380      Gyro:  +44.95   +9.86  -10.60 || 380
Accel:  -0.17  -0.21  +0.71 || 385      Gyro:  +48.33   +6.92   -1.01 || 385
Accel:  -0.10  -0.17  +0.67 || 390      Gyro:  +41.13   +0.31  +12.31 || 390
Accel:  -0.12  -0.17  +0.71 || 395      Gyro:  +51.85   -1.30  +11.37 || 395