Accel:  +0.29  -0.39  +0.86 || 0        Gyro:  +26.95  +35.53  +26.68 || 0
Accel:  +0.25  -0.42  +0.80 || 5        Gyro:  +16.36  +35.11  +36.22 || 5
Accel:  +0.20  -0.45  +0.63 || 10       Gyro:  +20.35  +29.32  +36.33 || 10
Accel:  +0.19  -0.40  +0.69 || 15       Gyro:  +30.11  +44.50  +35.85 || 15
Accel:  +0.06  -0.42  +0.66 || 20       Gyro:  +32.21  +48.64  +36.93 || 20
Accel:  -0.02  -0.45  +0.61 || 25       Gyro:  +32.96  +61.83  +33.05 || 25
Accel:  -0.13  -0.48  +0.56 || 30       Gyro:  +41.37  +57.08  +39.60 || 30
Accel:  -0.20  -0.53  +0.56 || 35       Gyro:  +43.44  +39.65  +53.52 || 35
Accel:  -0.29  -0.51  +0.63 || 40       Gyro:  +37.35  +13.18  +80.84 || 40
Accel:  -0.35  -0.31  +0.58 || 45       Gyro:  +42.68  -15.76  +93.82 || 45
Accel:  -0.28  -0.30  +0.65 || 50       Gyro:  +63.37  +29.98  +11.72 || 50
Accel:  -0.17  -0.27  +0.74 || 55       Gyro:  +48.36  +14.82  +15.20 || 55
Accel:  -0.18  -0.29  +0.60 || 60       Gyro:  +44.06  +10.93  +11.24 || 60
Accel:  -0.23  -0.30  +0.57 || 65       Gyro:  +38.85   +2.75  +11.37 || 65
Accel:  -0.23  -0.30  +0.54 || 70       Gyro:  +43.09   -4.16  +13.06 || 70
Accel:  -0.28  -0.30  +0.55 || 75       Gyro:  +45.66   +3.99   +4.58 || 75
Accel:  -0.25  -0.30  +0.56 || 80       Gyro:  +47.36   +2.59   -0.92 || 80
Accel:  -0.21  -0.29  +0.54 || 85       Gyro:  +49.45   -0.74   -0.53 || 85
Accel:  -0.22  -0.30  +0.58 || 90       Gyro:  +48.56   -3.12   +1.21 || 90
Accel:  -0.22  -0.30  +0.58 || 95       Gyro:  +50.32   -5.47   +1.55 || 95
Accel:  -0.21  -0.30  +0.58 || 100      Gyro:  +49.85   -2.37   +1.34 || 100
Accel:  -0.23  -0.29  +0.58 || 105      Gyro:  +47.57   +0.80   -1.99 || 105
Accel:  -0.20  -0.29  +0.57 || 110      Gyro:  +48.52   -1.27   +1.47 || 110
Accel:  -0.19  -0.29  +0.58 || 115      Gyro:  +48.24   -4.48   +5.60 || 115
Accel:  -0.22  -0.29  +0.56 || 120      Gyro:  +48.48   -0.86   +1.54 || 120
Accel:  -0.20  -0.29  +0.58 || 125      Gyro:  +48.42   -0.20   -0.78 || 125
Accel:  -0.22  -0.29  +0.57 || 130      Gyro:  +49.41   -2.25   +1.36 || 130
Accel:  -0.21  -0.29  +0.58 || 135      Gyro:  +49.40   +0.11   -0.05 || 135
Accel:  -0.21  -0.28  +0.57 || 140      Gyro:  +48.12   -1.37   -1.25 || 140
Accel:  -0.20  -0.29  +0.56 || 145      Gyro:  +47.92   -1.05   +1.68 || 145
Accel:  -0.22  -0.29  +0.58 || 150      Gyro:  +48.54   -0.05   +0.17 || 150
Accel:  -0.20  -0.28  +0.57 || 155      Gyro:  +48.03   -3.30   +3.04 || 155
Accel:  -0.21  -0.29  +0.59 || 160      Gyro:  +49.16   +0.62   -0.42 || 160
Accel:  -0.21  -0.29  +0.57 || 165      Gyro:  +47.90   -1.50   -0.04 || 165
Accel:  -0.21  -0.29  +0.59 || 170      Gyro:  +48.76   -1.41   -1.98 || 170
Accel:  -0.19  -0.28  +0.58 || 175      Gyro:  +48.46   -0.98   -1.75 || 175
Accel:  -0.20  -0.28  +0.60 || 180      Gyro:  +47.66   -2.02   +0.85 || 180
Accel:  -0.21  -0.29  +0.58 || 185      Gyro:  +48.56   +0.24   -2.17 || 185
Accel:  -0.22  -0.30  +0.59 || 190      Gyro:  +49.54   -4.20   +0.53 || 190
Accel:  -0.28  -0.31  +0.62 || 195      Gyro:  +48.28   -8.34   -5.10 || 195
Accel:  -0.31  -0.27  +0.71 || 200      Gyro:  +42.47  -26.70   -5.47 || 200
Accel:  -0.40  -0.33  +0.76 || 205      Gyro:  +14.60  -43.18  -21.73 || 205
Accel:  -0.09  -0.36  +0.56 || 210      Gyro:  -13.59  -11.36  -57.12 || 210
Accel:  -0.10  -0.44  +0.50 || 215      Gyro:   +6.96  -27.29  -37.57 || 215
Accel:  +0.04  -0.52  +0.60 || 220      Gyro:  +36.27  -67.99  -20.15 || 220
Accel:  +0.06  -0.48  +0.51 || 225      Gyro:  +43.05  -72.63  -17.53 || 225
Accel:  +0.11  -0.44  +0.55 || 230      Gyro:  +52.76  -56.17  -33.14 || 230
Accel:  +0.13  -0.52  +0.67 || 235      Gyro:  +60.87  -37.38  -31.13 || 235
Accel:  +0.21  -0.50  +0.68 || 240      Gyro:  +60.25  -27.69  -15.11 || 240
Accel:  +0.21  -0.49  +0.70 || 245      Gyro:  +63.76  -15.96   +4.54 || 245
Accel:  +0.17  -0.49  +0.73 || 250      Gyro:  +58.24  -10.08   -6.63 || 250
Accel:  +0.18  -0.49  +0.76 || 255      Gyro:  +52.26   -5.07   -1.85 || 255
Accel:  +0.16  -0.50  +0.74 || 260      Gyro:  +50.00   -0.81   -2.16 || 260
Accel:  +0.16  -0.49  +0.74 || 265      Gyro:  +52.03   -1.46   -3.86 || 265
Accel:  +0.15  -0.50  +0.75 || 270      Gyro:  +48.69   -1.30   -1.16 || 270
Accel:  +0.16  -0.50  +0.75 || 275      Gyro:  +49.43   -3.11   -0.48 || 275
Accel:  +0.15  -0.50  +0.77 || 280      Gyro:  +46.57   +1.42   -2.40 || 280
Accel:  +0.16  -0.49  +0.76 || 285      Gyro:  +48.05   -1.08   -0.92 || 285
Accel:  +0.15  -0.49  +0.75 || 290      Gyro:  +50.06   -0.09   +0.16 || 290
Accel:  +0.16  -0.50  +0.76 || 295      Gyro:  +49.58   -0.16   -0.24 || 295
Accel:  +0.16  -0.49  +0.74 || 300      Gyro:  +50.50   +0.73   -0.42 || 300
Accel:  +0.15  -0.49  +0.74 || 305      Gyro:  +48.14   +0.50   -0.31 || 305
Accel:  +0.15  -0.50  +0.76 || 310      Gyro:  +49.85   -0.66   -0.22 || 310
Accel:  +0.15  -0.49  +0.76 || 315      Gyro:  +49.37   -1.30   +2.50 || 315
Accel:  +0.14  -0.49  +0.75 || 320      Gyro:  +48.75   +0.47   +1.04 || 320
Accel:  +0.15  -0.50  +0.77 || 325      Gyro:  +49.27   -0.12   +2.28 || 325
Accel:  +0.14  -0.48  +0.76 || 330      Gyro:  +49.02   +0.18   +0.21 || 330
Accel:  +0.16  -0.49  +0.77 || 335      Gyro:  +47.66   +0.79   -0.89 || 335
Accel:  +0.15  -0.50  +0.74 || 340      Gyro:  +48.76   +0.64   +0.50 || 340
Accel:  +0.14  -0.49  +0.74 || 345      Gyro:  +48.40   -1.63   +0.41 || 345
Accel:  +0.14  -0.50  +0.76 || 350      Gyro:  +47.78   -1.80   +0.60 || 350
Accel:  +0.15  -0.50  +0.74 || 355      Gyro:  +49.92   +1.59   -3.42 || 355
Accel:  +0.17  -0.48  +0.77 || 360      Gyro:  +50.12   -0.98   +0.02 || 360
Accel:  +0.15  -0.49  +0.76 || 365      Gyro:  +49.32   +2.43   -1.80 || 365
Accel:  +0.15  -0.49  +0.77 || 370      Gyro:  +49.85   -0.48   -1.31 || 370
Accel:  +0.16  -0.49  +0.75 || 375      Gyro:  +49.05   +1.02   -0.96 || 375
Accel:  +0.16  -0.50  +0.75 || 380      Gyro:  +48.24   -0.43   +0.90 || 380
Accel:  +0.14  -0.50  +0.75 || 385      Gyro:  +49.42   -2.11   -3.51 || 385
Accel:  +0.16  -0.49  +0.78 || 390      Gyro:  +48.58   +0.78   -0.89 || 390
Accel:  +0.16  -0.49  +0.76 || 395      Gyro:  +50.27   +0.35   -1.28 || 395