Accel:  +0.46  +0.28  +0.94 || 0        Gyro:  +38.30   +0.16   +4.57 || 0
Accel:  +0.40  +0.33  +0.97 || 5        Gyro:  +38.44   +4.51   +2.10 || 5
Accel:  +0.48  +0.26  +0.92 || 10       Gyro:  +39.53   +4.64  +15.43 || 10
Accel:  +0.42  +0.31  +0.95 || 15       Gyro:  +39.18   +7.69   +7.58 || 15
Accel:  +0.40  +0.23  +0.90 || 20       Gyro:  +37.00   -3.62   -1.19 || 20
Accel:  +0.39  +0.29  +0.92 || 25       Gyro:  +36.05   +0.34  -14.21 || 25
Accel:  +0.46  +0.19  +0.93 || 30       Gyro:  +39.15   +5.33  -25.62 || 30
Accel:  +0.44  +0.20  +0.95 || 35       Gyro:  +45.52  +16.40   -7.79 || 35
Accel:  +0.41  +0.21  +0.94 || 40       Gyro:  +42.28  +16.88   -3.76 || 40
Accel:  +0.40  +0.25  +0.94 || 45       Gyro:  +56.59  +39.32  -33.08 || 45
Accel:  +0.42  +0.22  +0.96 || 50       Gyro:  +36.69  +30.23   -8.21 || 50
Accel:  +0.43  +0.24  +0.95 || 55       Gyro:  +24.38  +47.31  -12.30 || 55
Accel:  +0.28  +0.07  +0.89 || 60       Gyro:  +43.08  +66.24  -20.53 || 60
Accel:  +0.32  +0.14  +0.84 || 65       Gyro:  +26.83  +90.49  +94.84 || 65
Accel:  +0.02  +0.28  +0.84 || 70       Gyro:  +47.08  +87.34  +66.85 || 70
Accel:  +0.10  +0.25  +0.88 || 75       Gyro:  +45.92  +55.31  +15.27 || 75
Accel:  -0.05  +0.13  +0.78 || 80       Gyro:  +57.85 +107.78  -59.33 || 80
Accel:  -0.08  +0.26  +0.82 || 85       Gyro:  +65.39 +104.21 -134.98 || 85
Accel:  -0.27  +0.07  +0.66 || 90       Gyro:   +7.38 +109.26   -5.75 || 90
Accel:  -0.15  +0.23  +0.32 || 95       Gyro:  +27.56 +102.08  +34.87 || 95
Accel:  -0.29  +0.10  +0.49 || 100      Gyro:   +1.50 +114.79  +37.69 || 100
Accel:  -0.34  +0.03  +0.36 || 105      Gyro:  +11.75 +119.37  -47.48 || 105
Accel:  -0.31  +0.01  +0.31 || 110      Gyro:  +34.22 +100.60  +13.58 || 110
Accel:  -0.54  +0.00  +0.24 || 115      Gyro:  +20.89 +131.89  -70.93 || 115
Accel:  -0.40  -0.19  +0.00 || 120      Gyro:  +75.07 +156.10 -148.67 || 120
Accel:  -0.16  +0.06  +0.03 || 125      Gyro:  +12.26  +93.26  +93.73 || 125
Accel:  -0.82  -0.04  -0.10 || 130      Gyro:  +59.98  +71.25  -25.72 || 130
Accel:  -0.67  +0.07  -0.04 || 135      Gyro:  +42.19  +39.86  +90.73 || 135
Accel:  -0.55  +0.09  -0.16 || 140      Gyro:  +48.53  +46.71  +17.38 || 140
Accel:  -0.53  +0.06  -0.22 || 145      Gyro:  +44.02  +35.11  +35.31 || 145
Accel:  -0.49  +0.12  -0.21 || 150      Gyro:  +32.39   +2.95  +47.05 || 150
Accel:  -0.56  +0.17  -0.22 || 155      Gyro:  +47.80  -23.50  +17.14 || 155
Accel:  -0.46  +0.12  -0.22 || 160      Gyro:  +39.25  -26.57  -13.89 || 160
Accel:  -0.49  +0.13  -0.16 || 165      Gyro:  +44.98  -28.04  -24.42 || 165
Accel:  -0.45  +0.11  -0.15 || 170      Gyro:  +52.06  -33.30  -26.73 || 170
Accel:  -0.48  +0.09  -0.12 || 175      Gyro:  +51.26  -40.45  -17.45 || 175
Accel:  -0.45  +0.11  -0.06 || 180      Gyro:  +51.37  -40.39  -14.37 || 180
Accel:  -0.52  +0.09  -0.03 || 185      Gyro:  +58.13  -37.55  -55.63 || 185
Accel:  -0.50  +0.06  +0.02 || 190      Gyro:  +48.65  -82.06   -6.71 || 190
Accel:  -0.42  -0.01  +0.03 || 195      Gyro:  +52.73  -74.73  -13.67 || 195
Accel:  -0.48  +0.01  +0.10 || 200      Gyro:  +51.54  -64.15  -15.43 || 200
Accel:  -0.47  +0.01  +0.18 || 205      Gyro:  +57.04  -75.12  -19.83 || 205
Accel:  -0.47  -0.01  +0.23 || 210      Gyro:  +58.85  -79.58  -24.18 || 210
Accel:  -0.49  -0.03  +0.39 || 215      Gyro:  +61.71  -96.16  -13.77 || 215
Accel:  -0.42  -0.10  +0.26 || 220      Gyro:  +82.19 -111.31  -40.30 || 220
Accel:  -0.16  -0.10  +0.44 || 225      Gyro:  +67.73 -121.53  -48.43 || 225
Accel:  +0.30  -0.18  +0.38 || 230      Gyro: +104.22 -142.27  -50.56 || 230
Accel:  -0.14  -0.09  +0.65 || 235      Gyro:  +83.97 -122.48   -3.56 || 235
Accel:  +0.09  -0.05  +0.74 || 240      Gyro:  +76.18 -104.17   -2.01 || 240
Accel:  +0.05  -0.03  +0.79 || 245      Gyro:  +70.85  -95.69   -3.27 || 245
Accel:  +0.12  -0.02  +0.85 || 250      Gyro:  +72.41  -63.31  -13.71 || 250
Accel:  +0.14  -0.06  +0.78 || 255      Gyro:  +87.76  -78.90  -21.59 || 255
Accel:  +0.14  +0.02  +0.88 || 260      Gyro:  +73.57  -44.01  -10.47 || 260
Accel:  +0.15  +0.09  +0.89 || 265      Gyro:  +83.11  -51.44  -25.16 || 265
Accel:  +0.21  +0.10  +0.98 || 270      Gyro:  +70.92  -47.70  -13.96 || 270
Accel:  +0.33  +0.16  +0.99 || 275      Gyro:  +57.56  -57.11   +0.36 || 275
Accel:  +0.36  +0.06  +0.97 || 280      Gyro:  +59.85  -34.18   -8.55 || 280
Accel:  +0.42  +0.10  +0.93 || 285      Gyro:  +69.50  -13.24  +15.20 || 285
Accel:  +0.35  +0.15  +1.06 || 290      Gyro:  +58.74   -8.47   +6.86 || 290
Accel:  +0.40  +0.16  +0.97 || 295      Gyro:  +45.21   +4.44   -3.69 || 295
Accel:  +0.34  +0.13  +0.93 || 300      Gyro:  +49.03   +3.14   +0.71 || 300
Accel:  +0.39  +0.13  +0.96 || 305      Gyro:  +42.60   +6.62   -0.53 || 305
Accel:  +0.35  +0.10  +0.94 || 310      Gyro:  +49.96   +6.02   +9.52 || 310
Accel:  +0.34  +0.13  +0.97 || 315      Gyro:  +46.37   +6.44   -3.47 || 315
Accel:  +0.26  +0.09  +0.92 || 320      Gyro:  +44.82   +0.63   -1.08 || 320
Accel:  +0.33  +0.11  +0.94 || 325      Gyro:  +43.66   -3.08   +0.49 || 325
Accel:  +0.36  +0.10  +0.95 || 330      Gyro:  +39.29   +0.28   -2.75 || 330
Accel:  +0.33  +0.09  +0.92 || 335      Gyro:  +49.14   +2.71   -0.72 || 335
Accel:  +0.34  +0.12  +0.95 || 340      Gyro:  +49.42   +4.69   +2.50 || 340
Accel:  +0.34  +0.11  +0.95 || 345      Gyro:  +47.00   +1.34   -2.46 || 345
Accel:  +0.34  +0.08  +0.95 || 350      Gyro:  +47.79   +3.45   +3.08 || 350
Accel:  +0.31  +0.12  +0.96 || 355      Gyro:  +47.79   +0.38   +0.25 || 355
Accel:  +0.29  +0.11  +0.97 || 360      Gyro:  +47.98   +3.26   -0.60 || 360
Accel:  +0.33  +0.12  +0.95 || 365      Gyro:  +48.19   -0.45   +0.80 || 365
Accel:  +0.34  +0.12  +0.95 || 370      Gyro:  +46.68   -1.20   +0.27 || 370
Accel:  +0.32  +0.10  +0.92 || 375      Gyro:  +51.11   +5.18   -1.50 || 375
Accel:  +0.30  +0.10  +0.97 || 380      Gyro:  +49.30   +0.82   -2.03 || 380
Accel:  +0.28  +0.14  +0.96 || 385      Gyro:  +47.80   +6.24   -4.18 || 385
Accel:  +0.31  +0.10  +0.93 || 390      Gyro:  +49.54   +4.05   +0.44 || 390
Accel:  +0.30  +0.09  +0.94 || 395      Gyro:  +52.66   +3.76   +4.56 || 395