Accel:  +0.03  -0.40  +0.64 || 0        Gyro:  +51.18  +85.95  +32.92 || 0
Accel:  -0.03  -0.39  +0.65 || 5        Gyro:  +41.73  +92.36  +31.65 || 5
Accel:  -0.21  -0.33  +0.51 || 10       Gyro:  +43.40 +130.69  +35.76 || 10
Accel:  -0.27  -0.34  +0.43 || 15       Gyro:  +42.38 +121.03  +33.38 || 15
Accel:  -0.44  -0.31  +0.25 || 20       Gyro:  +47.74 +104.23  +27.38 || 20
Accel:  -0.39  -0.36  +0.29 || 25       Gyro:  +51.68  +79.71   +9.49 || 25
Accel:  -0.49  -0.32  +0.21 || 30       Gyro:  +53.82  +85.12   +7.31 || 30
Accel:  -0.46  -0.31  +0.15 || 35       Gyro:  +56.18  +74.76   +2.47 || 35
Accel:  -0.46  -0.31  +0.11 || 40       Gyro:  +59.62  +73.78   +7.15 || 40
Accel:  -0.38  -0.31  +0.03 || 45       Gyro:  +52.77  +71.16  +17.29 || 45
Accel:  -0.44  -0.25  -0.10 || 50       Gyro:  +56.51  +75.48  +22.81 || 50
Accel:  -0.35  -0.29  -0.12 || 55       Gyro:  +53.27  +42.04  +33.39 || 55
Accel:  -0.51  -0.23  -0.03 || 60       Gyro:  +40.73  +38.72  +31.98 || 60
Accel:  -0.61  -0.19  -0.10 || 65       Gyro:  +39.69  +26.25  +24.86 || 65
Accel:  -0.52  -0.17  -0.17 || 70       Gyro:  +43.50   +7.01   +3.71 || 70
Accel:  -0.41  -0.20  -0.16 || 75       Gyro:  +43.42   -0.47   +6.30 || 75
Accel:  -0.48  -0.17  -0.17 || 80       Gyro:  +45.49   +7.06   +3.85 || 80
Accel:  -0.42  -0.18  -0.19 || 85       Gyro:  +49.04   +4.30   +0.40 || 85
Accel:  -0.42  -0.19  -0.19 || 90       Gyro:  +49.16   +0.84   +2.65 || 90
Accel:  -0.44  -0.18  -0.13 || 95       Gyro:  +49.08   +2.30   +4.73 || 95
Accel:  -0.46  -0.18  -0.15 || 100      Gyro:  +49.39   -0.53   +3.58 || 100
Accel:  -0.45  -0.17  -0.16 || 105      Gyro:  +48.00   -4.38   +2.02 || 105
Accel:  -0.47  -0.18  -0.15 || 110      Gyro:  +52.10   -7.83   -4.58 || 110
Accel:  -0.39  -0.20  -0.09 || 115      Gyro:  +51.15   +0.56   +1.30 || 115
Accel:  -0.48  -0.18  -0.15 || 120      Gyro:  +48.20   +6.31   +1.83 || 120
Accel:  -0.46  -0.17  -0.17 || 125      Gyro:  +50.25   +0.21   -2.65 || 125
Accel:  -0.43  -0.20  -0.12 || 130      Gyro:  +48.46   -2.66   +0.38 || 130
Accel:  -0.48  -0.18  -0.13 || 135      Gyro:  +46.99   +3.53   +1.63 || 135
Accel:  -0.44  -0.19  -0.14 || 140      Gyro:  +45.73   -0.09   -1.24 || 140
Accel:  -0.44  -0.18  -0.18 || 145      Gyro:  +47.63   -1.36   +0.05 || 145
Accel:  -0.47  -0.18  -0.15 || 150      Gyro:  +49.52   -1.75   -1.24 || 150
Accel:  -0.42  -0.19  -0.13 || 155      Gyro:  +48.73   -2.44   +1.15 || 155
Accel:  -0.44  -0.19  -0.13 || 160      Gyro:  +45.99   -1.09   +3.98 || 160
Accel:  -0.48  -0.17  -0.16 || 165      Gyro:  +49.20   -1.82   -1.63 || 165
Accel:  -0.43  -0.19  -0.15 || 170      Gyro:  +48.71   -2.73   -1.13 || 170
Accel:  -0.44  -0.19  -0.15 || 175      Gyro:  +49.18   -2.68   -0.51 || 175
Accel:  -0.44  -0.20  -0.14 || 180      Gyro:  +49.38   -1.61   +0.18 || 180
Accel:  -0.47  -0.18  -0.12 || 185      Gyro:  +48.45   +0.15   +0.15 || 185
Accel:  -0.44  -0.19  -0.14 || 190      Gyro:  +47.24   +1.08   -0.88 || 190
Accel:  -0.43  -0.20  -0.13 || 195      Gyro:  +46.93   +0.65   +1.77 || 195
Accel:  -0.44  -0.18  -0.15 || 200      Gyro:  +48.31   +0.44   +0.47 || 200
Accel:  -0.44  -0.19  -0.13 || 205      Gyro:  +49.66   +0.05   +0.07 || 205
Accel:  -0.46  -0.19  -0.15 || 210      Gyro:  +48.66   +0.15   -0.38 || 210
Accel:  -0.44  -0.20  -0.14 || 215      Gyro:  +48.62   +0.01   +0.87 || 215
Accel:  -0.47  -0.18  -0.13 || 220      Gyro:  +48.57   -0.56   -1.01 || 220
Accel:  -0.45  -0.19  -0.14 || 225      Gyro:  +49.42   -3.04   -1.18 || 225
Accel:  -0.45  -0.19  -0.13 || 230      Gyro:  +48.18   -3.89   +0.10 || 230
Accel:  -0.42  -0.20  -0.13 || 235      Gyro:  +47.11   -4.06   -0.02 || 235
Accel:  -0.45  -0.18  -0.13 || 240      Gyro:  +46.47   -0.28   +2.46 || 240
Accel:  -0.47  -0.19  -0.12 || 245      Gyro:  +48.72   +0.79   -0.04 || 245
Accel:  -0.43  -0.20  -0.13 || 250      Gyro:  +48.53   -4.73   -1.38 || 250
Accel:  -0.47  -0.20  -0.14 || 255      Gyro:  +47.82   -3.76   -2.70 || 255
Accel:  -0.46  -0.22  -0.12 || 260      Gyro:  +48.55   -3.62   -2.62 || 260
Accel:  -0.42  -0.21  -0.12 || 265      Gyro:  +45.62   -7.85   +1.31 || 265
Accel:  -0.45  -0.18  -0.13 || 270      Gyro:  +46.70   -8.95   -0.08 || 270
Accel:  -0.45  -0.18  -0.09 || 275      Gyro:  +49.10   -8.66   -3.10 || 275
Accel:  -0.42  -0.22  -0.09 || 280      Gyro:  +49.02   -3.00   -1.14 || 280
Accel:  -0.44  -0.23  -0.08 || 285      Gyro:  +49.85   -1.34   +0.82 || 285
Accel:  -0.47  -0.20  -0.08 || 290      Gyro:  +48.11   -0.43   -0.29 || 290
Accel:  -0.42  -0.21  -0.11 || 295      Gyro:  +48.16   -0.30   +0.74 || 295
Accel:  -0.45  -0.21  -0.12 || 300      Gyro:  +48.27   +0.44   +3.45 || 300
Accel:  -0.47  -0.18  -0.10 || 305      Gyro:  +49.44   -1.91   -1.63 || 305
Accel:  -0.44  -0.22  -0.07 || 310      Gyro:  +48.57   -2.33   -0.06 || 310
Accel:  -0.46  -0.20  -0.12 || 315      Gyro:  +48.46   +0.82   +0.88 || 315
Accel:  -0.45  -0.20  -0.10 || 320      Gyro:  +48.02   -1.50   +0.66 || 320
Accel:  -0.45  -0.20  -0.11 || 325      Gyro:  +49.92   -0.67   -1.84 || 325
Accel:  -0.41  -0.21  -0.10 || 330      Gyro:  +50.78   -4.44   +0.73 || 330
Accel:  -0.45  -0.22  -0.07 || 335      Gyro:  +48.97   -1.30   -0.50 || 335
Accel:  -0.49  -0.23  -0.09 || 340      Gyro:  +47.26   -7.18   +0.05 || 340
Accel:  -0.66  -0.25  -0.12 || 345      Gyro:  +46.76  -40.97  -14.24 || 345
Accel:  -0.64  -0.30  -0.01 || 350      Gyro:  +55.32  -63.11  -18.69 || 350
Accel:  -0.52  -0.28  +0.02 || 355      Gyro:  +52.30  -92.35   -8.89 || 355
Accel:  -0.48  -0.27  +0.05 || 360      Gyro:  +60.59 -145.57  +12.86 || 360
Accel:  -0.39  -0.23  +0.13 || 365      Gyro:  +59.37 -119.40  -11.32 || 365
Accel:  -0.06  +0.03  +0.50 || 370      Gyro:  +83.16 -250.14 +179.37 || 370
Accel:  -0.24  -0.16  +0.37 || 375      Gyro:  +37.87 -130.16   +5.54 || 375
Accel:  -0.15  -0.13  +0.48 || 380      Gyro:  +36.92 -106.46  -12.48 || 380
Accel:  -0.07  -0.08  +0.70 || 385      Gyro:  +34.77  -99.56   -9.59 || 385
Accel:  +0.05  -0.12  +0.72 || 390      Gyro:  +27.82  -62.63  -27.79 || 390
Accel:  +0.10  -0.29  +0.67 || 395      Gyro:  +34.73  -28.18  -26.37 || 395