Accel:  +1.19  +0.17  +0.76 || 0        Gyro:  +89.21  -39.69  -66.48 || 0
Accel:  +1.21  +0.29  +0.77 || 5        Gyro:  +97.59  -70.40  -58.63 || 5
Accel:  +1.25  +0.34  +0.76 || 10       Gyro:  +70.34  -27.96  -32.04 || 10
Accel:  +1.18  +0.27  +0.66 || 15       Gyro:  +62.91  -33.31  -20.45 || 15
Accel:  +1.29  +0.33  +0.63 || 20       Gyro:  +72.85  -35.95   -8.69 || 20
Accel:  +1.28  +0.39  +0.64 || 25       Gyro:  +61.94  -22.45  +17.09 || 25
Accel:  +1.25  +0.25  +0.58 || 30       Gyro:  +53.40   -1.15   +9.21 || 30
Accel:  +1.29  +0.36  +0.68 || 35       Gyro:  +57.31   +2.47   +8.24 || 35
Accel:  +1.27  +0.35  +0.69 || 40       Gyro:  +39.11   -4.51  +12.51 || 40
Accel:  +1.25  +0.21  +0.54 || 45       Gyro:  +50.40   +5.97  +14.73 || 45
Accel:  +1.32  +0.33  +0.69 || 50       Gyro:  +44.73   +5.22  +26.76 || 50
Accel:  +1.23  +0.22  +0.60 || 55       Gyro:  +44.58  +26.43  +31.15 || 55
Accel:  +1.24  +0.24  +0.72 || 60       Gyro:  +33.22  +41.94  +48.51 || 60
Accel:  +1.20  +0.15  +0.65 || 65       Gyro:  +28.08  +35.21  +30.53 || 65
Accel:  +1.18  +0.12  +0.64 || 70       Gyro:  +53.33  +23.76  +37.66 || 70
Accel:  +1.20  +0.16  +0.76 || 75       Gyro:  +54.27  +22.60  +29.12 || 75
Accel:  +1.14  +0.08  +0.67 || 80       Gyro:  +68.76   +6.71  +12.08 || 80
Accel:  +1.22  +0.20  +0.76 || 85       Gyro:  +62.01  -25.74  +10.73 || 85
Accel:  +1.21  +0.14  +0.67 || 90       Gyro:  +55.09   -8.07   +2.10 || 90
Accel:  +1.23  +0.19  +0.75 || 95       Gyro:  +56.60   -9.31   +6.18 || 95
Accel:  +1.20  +0.14  +0.66 || 100      Gyro:  +44.79   -2.46   -4.08 || 100
Accel:  +1.27  +0.18  +0.73 || 105      Gyro:  +47.74   +0.36   -1.66 || 105
Accel:  +1.18  +0.14  +0.66 || 110      Gyro:  +40.65   +0.47   -4.50 || 110
Accel:  +1.26  +0.19  +0.72 || 115      Gyro:  +51.61   +4.21   -0.89 || 115
Accel:  +1.22  +0.17  +0.71 || 120      Gyro:  +40.44   -0.73   -1.21 || 120
Accel:  +1.23  +0.15  +0.68 || 125      Gyro:  +50.15   -0.26   +1.44 || 125
Accel:  +1.23  +0.17  +0.72 || 130      Gyro:  +46.23   -1.98   -1.93 || 130
Accel:  +1.22  +0.15  +0.69 || 135      Gyro:  +48.43   +1.32   -1.13 || 135
Accel:  +1.24  +0.19  +0.72 || 140      Gyro:  +44.68   -4.71   +1.18 || 140
Accel:  +1.19  +0.13  +0.67 || 145      Gyro:  +48.40   +1.44   -2.53 || 145
Accel:  +1.29  +0.21  +0.76 || 150      Gyro:  +46.70   +1.02   +2.34 || 150
Accel:  +1.19  +0.13  +0.66 || 155      Gyro:  +37.33   -4.14   -2.76 || 155
Accel:  +1.25  +0.15  +0.72 || 160      Gyro:  +42.03   -3.84   +2.89 || 160
Accel:  +1.18  +0.13  +0.69 || 165      Gyro:  +39.03   +3.98   -1.82 || 165
Accel:  +1.23  +0.15  +0.71 || 170      Gyro:  +43.29   +0.14   +3.57 || 170
Accel:  +1.20  +0.14  +0.70 || 175      Gyro:  +34.43   +2.16   +0.38 || 175
Accel:  +1.21  +0.10  +0.65 || 180      Gyro:  +49.78   -3.03   +1.50 || 180
Accel:  +1.27  +0.16  +0.74 || 185      Gyro:  +48.17   +1.18   +0.15 || 185
Accel:  +1.17  +0.12  +0.69 || 190      Gyro:  +45.85   -1.97   -1.41 || 190
Accel:  +1.25  +0.15  +0.72 || 195      Gyro:  +46.73   -3.41   +3.02 || 195
Accel:  +1.36  +0.20  +0.79 || 200      Gyro:  +31.66   +4.37  +16.06 || 200
Accel:  +1.27  +0.15  +0.78 || 205      Gyro:   -6.62  +24.17  +28.59 || 205
Accel:  +1.23  +0.00  +0.64 || 210      Gyro:   -4.11  +29.25  +21.27 || 210
Accel:  +1.15  +0.00  +0.73 || 215      Gyro:  +10.34  +19.88  +29.74 || 215
Accel:  +1.20  -0.02  +0.78 || 220      Gyro:   +1.53  +24.31  +23.55 || 220
Accel:  +1.28  -0.08  +0.69 || 225      Gyro:   +7.79  +51.27  +50.96 || 225
Accel:  +1.08  -0.12  +0.81 || 230      Gyro:  -10.40  +65.80  +31.97 || 230
Accel:  +1.06  -0.19  +0.77 || 235      Gyro:   -1.76  +69.38  +59.25 || 235
Accel:  +0.96  -0.28  +0.80 || 240      Gyro:   -4.78  +56.14  +39.22 || 240
Accel:  +0.85  -0.40  +0.75 || 245      Gyro:  +10.62  +52.60  +40.15 || 245
Accel:  +0.90  -0.34  +0.87 || 250      Gyro:  +15.63  +47.79  +46.54 || 250
Accel:  +0.76  -0.41  +0.87 || 255      Gyro:  +19.66  +32.18  +26.25 || 255
Accel:  +0.84  -0.47  +0.76 || 260      Gyro:  +39.51  +11.95  +29.69 || 260
Accel:  +0.81  -0.44  +0.82 || 265      Gyro:  +46.66  +23.85  +27.83 || 265
Accel:  +0.78  -0.43  +0.84 || 270      Gyro:  +54.02  +25.37  +32.40 || 270
Accel:  +0.70  -0.44  +0.86 || 275      Gyro:  +59.51  +29.35  +26.94 || 275
Accel:  +0.66  -0.43  +0.87 || 280      Gyro:  +56.90  +29.48  +31.41 || 280
Accel:  +0.61  -0.42  +0.77 || 285      Gyro:  +65.71  +35.70  +32.15 || 285
Accel:  +0.61  -0.26  +1.02 || 290      Gyro:  +67.74  +39.25  +32.10 || 290
Accel:  +0.62  -0.38  +0.92 || 295      Gyro:  +41.19   +9.41  +32.71 || 295
Accel:  +0.51  -0.45  +0.83 || 300      Gyro:  +42.64  +29.15  +34.50 || 300
Accel:  +0.52  -0.38  +0.93 || 305      Gyro:  +47.65  +13.39  +31.43 || 305
Accel:  +0.46  -0.41  +0.90 || 310      Gyro:  +40.61   -3.87  +23.28 || 310
Accel:  +0.46  -0.43  +0.87 || 315      Gyro:  +45.12   +0.41  +23.37 || 315
Accel:  +0.42  -0.44  +0.91 || 320      Gyro:  +55.11   +4.47  +19.53 || 320
Accel:  +0.47  -0.39  +0.92 || 325      Gyro:  +52.89  -13.66   +8.72 || 325
Accel:  +0.51  -0.39  +0.92 || 330      Gyro:  +52.29  -19.81   +0.33 || 330
Accel:  +0.53  -0.38  +0.96 || 335      Gyro:  +46.34  -56.53   -2.82 || 335
Accel:  +0.57  -0.45  +0.84 || 340      Gyro:  +45.44  -68.28   -2.81 || 340
Accel:  +0.64  -0.45  +0.83 || 345      Gyro:  +55.68  -15.82   +0.65 || 345
Accel:  +0.67  -0.36  +0.96 || 350      Gyro:  +51.58   -8.58   +2.20 || 350
Accel:  +0.66  -0.42  +0.87 || 355      Gyro:  +46.16   -7.34   +3.22 || 355
Accel:  +0.65  -0.41  +0.87 || 360      Gyro:  +55.64   -2.74   +2.27 || 360
Accel:  +0.61  -0.38  +0.94 || 365      Gyro:  +50.62   -6.78   -0.19 || 365
Accel:  +0.63  -0.42  +0.85 || 370      Gyro:  +51.34  -10.60   +1.76 || 370
Accel:  +0.64  -0.38  +0.93 || 375      Gyro:  +53.73   -6.60   -1.85 || 375
Accel:  +0.65  -0.38  +0.92 || 380      Gyro:  +44.45   -6.60   -1.28 || 380
Accel:  +0.69  -0.39  +0.87 || 385      Gyro:  +49.92   -3.15   -3.42 || 385
Accel:  +0.67  -0.38  +0.91 || 390      Gyro:  +51.91   -3.63   -5.60 || 390
Accel:  +0.65  -0.38  +0.91 || 395      Gyro:  +52.82   -7.69   -8.76 || 395