Accel:  +0.54  -0.05  +1.00 || 0        Gyro:  +43.56  +14.94   +6.84 || 0
Accel:  +0.49  -0.06  +0.99 || 5        Gyro:  +37.04   +2.78  +14.23 || 5
Accel:  +0.43  -0.09  +1.02 || 10       Gyro:  +25.38  -48.60  +18.25 || 10
Accel:  +0.51  -0.15  +0.94 || 15       Gyro:  +28.97  -84.89   +8.47 || 15
Accel:  +0.33  -0.12  +1.00 || 20       Gyro:  +35.09  -94.26  -13.29 || 20
Accel:  +0.50  -0.11  +0.80 || 25       Gyro:  +61.82 -250.14  -43.79 || 25
Accel:  +1.21  -0.06  +0.87 || 30       Gyro:  +46.01 -219.62  -33.94 || 30
Accel:  +1.04  -0.03  +0.48 || 35       Gyro:  +49.99 -250.14  -36.35 || 35
Accel:  +1.11  +0.06  +0.22 || 40       Gyro:  +36.29 -250.14  -81.20 || 40
Accel:  +2.00  +0.18  +0.19 || 45       Gyro:   -6.76 -250.14  -93.85 || 45
Accel:  +0.87  -0.26  -0.17 || 50       Gyro:   +3.86 -162.37  -22.11 || 50
Accel:  +1.96  +0.12  +0.21 || 55       Gyro:  -14.18 -210.22 -108.68 || 55
Accel:  +1.56  +0.10  -0.08 || 60       Gyro:  +59.68 -121.04  -34.36 || 60
Accel:  +1.60  +0.14  -0.47 || 65       Gyro:  +62.48  -75.00  -12.58 || 65
Accel:  +1.52  +0.22  -0.24 || 70       Gyro:  +71.82  -14.05  +10.18 || 70
Accel:  +1.43  +0.11  -0.27 || 75       Gyro:  +56.38   +3.79  +13.15 || 75
Accel:  +1.45  +0.08  -0.17 || 80       Gyro:  +65.63  -45.44   -5.57 || 80
Accel:  +1.52  +0.13  -0.29 || 85       Gyro:  +54.49  -36.95   -3.52 || 85
Accel:  +1.59  +0.11  -0.49 || 90       Gyro:  +47.50  +11.23   -1.35 || 90
Accel:  +1.47  +0.09  -0.34 || 95       Gyro:  +42.92   +7.13   +6.95 || 95
Accel:  +1.50  +0.12  -0.36 || 100      Gyro:  +45.50   +5.99   +0.74 || 100
Accel:  +1.52  +0.12  -0.32 || 105      Gyro:  +49.34   +4.53   -0.56 || 105
Accel:  +1.49  +0.10  -0.33 || 110      Gyro:  +51.49  -10.68   -0.67 || 110
Accel:  +1.48  +0.09  -0.34 || 115      Gyro:  +48.75  +17.73   -1.06 || 115
Accel:  +1.49  +0.10  -0.36 || 120      Gyro:  +44.22  +25.41   +7.11 || 120
Accel:  +1.56  +0.15  -0.17 || 125      Gyro:  +34.97  +24.78   +3.78 || 125
Accel:  +1.54  +0.16  -0.21 || 130      Gyro:  +38.66  +59.37  +17.30 || 130
Accel:  +1.33  +0.03  -0.35 || 135      Gyro:  +26.15 +118.40  +19.57 || 135
Accel:  +1.53  +0.16  +0.21 || 140      Gyro:  +33.62  +93.37  +20.01 || 140
Accel:  +1.43  +0.04  -0.06 || 145      Gyro:  +46.18 +135.47  +18.98 || 145
Accel:  +1.45  +0.11  +0.37 || 150      Gyro:  +36.02 +130.96  +20.90 || 150
Accel:  +1.62  +0.09  +0.22 || 155      Gyro:  +38.07 +120.90  +29.02 || 155
Accel:  +1.58  +0.08  +0.44 || 160      Gyro:  +21.66 +160.32  +46.64 || 160
Accel:  +1.34  -0.04  +0.36 || 165      Gyro:  +20.21 +168.45  +57.40 || 165
Accel:  +1.41  -0.07  +0.53 || 170      Gyro:  +16.26 +198.71  +50.57 || 170
Accel:  +1.19  -0.15  +0.58 || 175      Gyro:  +20.50 +215.82  +56.57 || 175
Accel:  +0.84  -0.20  +0.80 || 180      Gyro:  +28.81 +173.08  +44.48 || 180
Accel:  +0.77  -0.26  +0.74 || 185      Gyro:  +52.08 +170.14  +53.64 || 185
Accel:  +0.60  -0.32  +0.87 || 190      Gyro:  +53.26 +119.37  +36.66 || 190
Accel:  +0.48  -0.24  +0.92 || 195      Gyro:  +40.11 +123.00  +23.18 || 195
Accel:  +0.48  -0.26  +0.91 || 200      Gyro:  +34.98  +53.46  +12.15 || 200
Accel:  +0.45  -0.22  +0.96 || 205      Gyro:  +30.72  +14.44   +8.68 || 205
Accel:  +0.50  -0.23  +1.02 || 210      Gyro:  +37.58  +10.90  +13.37 || 210
Accel:  +0.46  -0.30  +0.81 || 215      Gyro:  +42.31   -6.61   +0.30 || 215
Accel:  +0.50  -0.29  +0.96 || 220      Gyro:  +49.34   -7.87   -1.87 || 220
Accel:  +0.50  -0.28  +0.94 || 225      Gyro:  +50.65   -7.18   -1.05 || 225
Accel:  +0.53  -0.27  +0.94 || 230      Gyro:  +48.21   -0.08   -2.37 || 230
Accel:  +0.50  -0.27  +0.94 || 235      Gyro:  +50.49   +0.74   +0.12 || 235
Accel:  +0.52  -0.25  +0.97 || 240      Gyro:  +51.34   -7.05   -0.29 || 240
Accel:  +0.54  -0.26  +0.93 || 245      Gyro:  +47.87   -1.79   +3.08 || 245
Accel:  +0.50  -0.27  +0.91 || 250      Gyro:  +48.70   -8.60   -0.76 || 250
Accel:  +0.52  -0.26  +0.94 || 255      Gyro:  +48.29   -4.27   +2.75 || 255
Accel:  +0.52  -0.28  +0.94 || 260      Gyro:  +50.08   -0.56   -1.17 || 260
Accel:  +0.55  -0.25  +0.96 || 265      Gyro:  +51.28   -5.40   -1.13 || 265
Accel:  +0.57  -0.25  +0.91 || 270      Gyro:  +49.89   +3.95   +0.89 || 270
Accel:  +0.48  -0.25  +1.03 || 275      Gyro:  +47.89   -5.15   +0.36 || 275
Accel:  +0.53  -0.27  +0.88 || 280      Gyro:  +50.36   +3.42   +1.50 || 280
Accel:  +0.51  -0.26  +1.00 || 285      Gyro:  +48.98   -8.12   +0.53 || 285
Accel:  +0.57  -0.26  +0.87 || 290      Gyro:  +51.30   +1.86   +0.08 || 290
Accel:  +0.56  -0.23  +1.01 || 295      Gyro:  +45.95   -4.86   +1.43 || 295
Accel:  +0.55  -0.27  +0.88 || 300      Gyro:  +50.62   -1.36   +0.13 || 300
Accel:  +0.55  -0.23  +1.03 || 305      Gyro:  +47.37   -7.52   +0.27 || 305
Accel:  +0.54  -0.26  +0.94 || 310      Gyro:  +49.97   +0.50   +7.63 || 310
Accel:  +0.50  -0.28  +0.91 || 315      Gyro:  +47.27   +2.55   -0.14 || 315
Accel:  +0.58  -0.25  +0.96 || 320      Gyro:  +50.05   +3.44   -0.97 || 320
Accel:  +0.53  -0.25  +0.93 || 325      Gyro:  +47.60   -0.52   -1.08 || 325
Accel:  +0.54  -0.24  +0.97 || 330      Gyro:  +49.15   -1.75   -0.86 || 330
Accel:  +0.53  -0.26  +0.92 || 335      Gyro:  +47.53   +2.68   +1.71 || 335
Accel:  +0.56  -0.24  +1.01 || 340      Gyro:  +48.45   -4.03   -0.05 || 340
Accel:  +0.58  -0.25  +0.88 || 345      Gyro:  +45.00   +2.18   +6.40 || 345
Accel:  +0.47  -0.27  +1.00 || 350      Gyro:  +50.63   +6.89   +1.88 || 350
Accel:  +0.57  -0.26  +0.90 || 355      Gyro:  +43.72   -8.90   -0.15 || 355
Accel:  +0.60  -0.24  +1.02 || 360      Gyro:  +50.43   -2.33   +3.73 || 360
Accel:  +0.55  -0.26  +0.93 || 365      Gyro:  +45.59   -2.45   +0.66 || 365
Accel:  +0.53  -0.26  +0.95 || 370      Gyro:  +49.60   -4.16   -0.18 || 370
Accel:  +0.60  -0.26  +0.92 || 375      Gyro:  +50.21   +2.16   +0.67 || 375
Accel:  +0.60  -0.26  +0.93 || 380      Gyro:  +47.84   -0.55   +0.47 || 380
Accel:  +0.51  -0.26  +1.01 || 385      Gyro:  +47.35   +1.32   +0.89 || 385
Accel:  +0.55  -0.25  +0.97 || 390      Gyro:  +41.89  -11.43   -1.11 || 390
Accel:  +0.57  -0.26  +0.91 || 395      Gyro:  +50.26   +8.44   +1.75 || 395