Accel:  +1.36  +0.05  +0.70 || 0        Gyro:  +54.95 -117.20  -64.46 || 0
Accel:  +1.30  -0.13  +0.27 || 5        Gyro:  +92.76  -87.81  -83.82 || 5
Accel:  +1.38  +0.09  +0.48 || 10       Gyro:  +11.77  -94.66  -84.27 || 10
Accel:  +1.67  +0.27  +0.52 || 15       Gyro:  +37.14  -33.43  -77.30 || 15
Accel:  +1.48  +0.11  +0.24 || 20       Gyro:  +12.93  -58.32  -41.56 || 20
Accel:  +1.51  +0.13  +0.31 || 25       Gyro:  +17.01  -36.24  -44.35 || 25
Accel:  +1.48  +0.06  +0.22 || 30       Gyro:  +54.76   -6.09  -26.51 || 30
Accel:  +1.45  +0.12  +0.27 || 35       Gyro:  +45.57   +9.60  -14.21 || 35
Accel:  +1.45  +0.21  +0.44 || 40       Gyro:  +34.93   -3.27  +18.06 || 40
Accel:  +1.41  +0.14  +0.39 || 45       Gyro:  +52.43   +4.31   -0.05 || 45
Accel:  +1.52  +0.16  +0.39 || 50       Gyro:  +47.03   -5.31  -17.10 || 50
Accel:  +1.43  +0.15  +0.30 || 55       Gyro:  +47.88  -20.18  -24.61 || 55
Accel:  +1.53  +0.18  +0.29 || 60       Gyro:  +50.96  -19.64  -22.63 || 60
Accel:  +1.50  +0.19  +0.28 || 65       Gyro:  +50.33  -13.05  -15.62 || 65
Accel:  +1.51  +0.23  +0.31 || 70       Gyro:  +53.36   -5.53   -5.47 || 70
Accel:  +1.50  +0.23  +0.30 || 75       Gyro:  +49.60   -7.77   -7.63 || 75
Accel:  +1.53  +0.25  +0.27 || 80       Gyro:  +47.86  -11.56   -1.51 || 80
Accel:  +1.47  +0.25  +0.29 || 85       Gyro:  +47.42   -7.21   -1.33 || 85
Accel:  +1.48  +0.24  +0.26 || 90       Gyro:  +49.71   +0.42   -2.79 || 90
Accel:  +1.47  +0.26  +0.28 || 95       Gyro:  +48.81   -5.32   -2.47 || 95
Accel:  +1.53  +0.26  +0.28 || 100      Gyro:  +47.79   -4.16   -2.11 || 100
Accel:  +1.43  +0.24  +0.25 || 105      Gyro:  +46.11   -4.12   -1.87 || 105
Accel:  +1.47  +0.25  +0.25 || 110      Gyro:  +46.97   -4.45   -0.47 || 110
Accel:  +1.49  +0.27  +0.27 || 115      Gyro:  +46.52   +2.69   -2.12 || 115
Accel:  +1.51  +0.27  +0.28 || 120      Gyro:  +47.11   +0.50   +1.04 || 120
Accel:  +1.45  +0.25  +0.26 || 125      Gyro:  +43.70   +1.59   -0.23 || 125
Accel:  +1.50  +0.26  +0.27 || 130      Gyro:  +47.98   -1.73   -1.15 || 130
Accel:  +1.49  +0.25  +0.25 || 135      Gyro:  +45.15   +1.81   +0.09 || 135
Accel:  +1.57  +0.32  +0.32 || 140      Gyro:  +46.75   +1.29   +0.63 || 140
Accel:  +1.44  +0.23  +0.25 || 145      Gyro:  +33.96  +19.25   +0.92 || 145
Accel:  +1.51  +0.27  +0.32 || 150      Gyro:  +43.30  +16.61   +8.95 || 150
Accel:  +1.53  +0.26  +0.34 || 155      Gyro:  +33.98  +13.51  +18.49 || 155
Accel:  +1.67  +0.30  +0.32 || 160      Gyro:  +16.51  +48.14  +21.84 || 160
Accel:  +1.50  +0.28  +0.29 || 165      Gyro:  -33.63 +170.37  +55.55 || 165
Accel:  +2.00  +0.26  +0.30 || 170      Gyro:  -53.31 +221.74 +101.14 || 170
Accel:  +1.45  +0.08  +0.69 || 175      Gyro:  -45.89 +188.84 +104.49 || 175
Accel:  +1.00  -0.24  +0.52 || 180      Gyro:  -15.96 +141.02 +127.82 || 180
Accel:  +0.71  -0.42  +0.61 || 185      Gyro:  +26.50  +88.33  +91.88 || 185
Accel:  +0.63  -0.31  +0.87 || 190      Gyro:  +63.79  +80.66  +69.82 || 190
Accel:  +0.69  -0.32  +0.81 || 195      Gyro:  +63.66  +39.54  +50.97 || 195
Accel:  +0.66  -0.29  +0.75 || 200      Gyro:  +98.74  +41.25  +38.87 || 200
Accel:  +0.57  -0.22  +0.84 || 205      Gyro:  +82.57  +38.94  +42.18 || 205
Accel:  +0.62  -0.20  +0.84 || 210      Gyro:  +87.21  +21.36  +42.04 || 210
Accel:  +0.61  -0.14  +0.91 || 215      Gyro:  +92.50  +46.02  +29.85 || 215
Accel:  +0.58  -0.13  +0.98 || 220      Gyro:  +83.02  +35.11  +25.53 || 220
Accel:  +0.58  -0.13  +0.99 || 225      Gyro:  +91.34  +27.34  +27.46 || 225
Accel:  +0.51  -0.08  +0.81 || 230      Gyro: +118.43  +29.70  +30.04 || 230
Accel:  +0.35  +0.10  +1.22 || 235      Gyro: +160.56  +19.37  +50.06 || 235
Accel:  +0.58  +0.08  +1.14 || 240      Gyro:  +96.65  +19.02  +13.08 || 240
Accel:  +0.45  +0.14  +1.10 || 245      Gyro:  +60.10  +29.84  -22.32 || 245
Accel:  +0.53  +0.20  +1.04 || 250      Gyro:  +23.50  -25.18  +13.55 || 250
Accel:  +0.62  -0.02  +0.69 || 255      Gyro:  +23.23  -42.17  +20.41 || 255
Accel:  +0.40  +0.09  +1.00 || 260      Gyro:  +50.60   +9.69  -14.29 || 260
Accel:  +0.47  +0.03  +0.84 || 265      Gyro:  +30.42   -7.29   -9.63 || 265
Accel:  +0.61  +0.09  +1.04 || 270      Gyro:  +60.83  +11.37   -3.06 || 270
Accel:  +0.62  +0.06  +1.02 || 275      Gyro:  +35.90   -6.78   -2.30 || 275
Accel:  +0.58  -0.01  +0.92 || 280      Gyro:  +56.61   +5.98   -2.74 || 280
Accel:  +0.58  +0.10  +0.95 || 285      Gyro:  +71.12  +12.73   +9.34 || 285
Accel:  +0.49  +0.10  +1.02 || 290      Gyro:  +47.96   +2.50   +2.04 || 290
Accel:  +0.51  +0.06  +0.97 || 295      Gyro:  +47.08   +3.62  -12.54 || 295
Accel:  +0.49  +0.10  +1.05 || 300      Gyro:  +40.98  -14.80  -18.51 || 300
Accel:  +0.59  +0.06  +0.97 || 305      Gyro:  +36.38  -17.48  -23.12 || 305
Accel:  +0.56  +0.03  +0.93 || 310      Gyro:  +40.18  -20.32  -22.01 || 310
Accel:  +0.60  +0.05  +0.97 || 315      Gyro:  +42.05   -8.59  -20.26 || 315
Accel:  +0.57  +0.01  +0.93 || 320      Gyro:  +47.53  -10.27  -15.12 || 320
Accel:  +0.63  +0.09  +1.02 || 325      Gyro:  +40.58   -1.43  -13.93 || 325
Accel:  +0.63  +0.03  +0.94 || 330      Gyro:  +39.44  -11.34  -18.19 || 330
Accel:  +0.61  +0.02  +0.98 || 335      Gyro:  +45.68  -10.36   -6.76 || 335
Accel:  +0.55  -0.02  +0.93 || 340      Gyro:  +41.98   -1.18  -10.26 || 340
Accel:  +0.60  +0.03  +0.99 || 345      Gyro:  +48.57   +3.25  -10.56 || 345
Accel:  +0.59  +0.00  +0.95 || 350      Gyro:  +47.89   -7.78   -7.11 || 350
Accel:  +0.61  +0.02  +0.99 || 355      Gyro:  +44.03   -0.50  -10.17 || 355
Accel:  +0.60  +0.02  +0.99 || 360      Gyro:  +37.86   +8.32  -12.66 || 360
Accel:  +0.60  +0.01  +0.98 || 365      Gyro:  +38.40   +3.81   -7.89 || 365
Accel:  +0.59  -0.02  +0.92 || 370      Gyro:  +50.89   +5.40   -8.25 || 370
Accel:  +0.57  +0.00  +1.00 || 375      Gyro:  +40.59   +4.71  -10.24 || 375
Accel:  +0.60  +0.00  +0.97 || 380      Gyro:  +48.85   +7.50   -5.57 || 380
Accel:  +0.61  +0.01  +0.99 || 385      Gyro:  +48.63   +1.80   -1.92 || 385
Accel:  +0.58  +0.01  +0.97 || 390      Gyro:  +39.41  -10.67   -1.26 || 390
Accel:  +0.59  -0.01  +0.96 || 395      Gyro:  +53.99   -3.53   -2.69 || 395