Accel:  +0.72  -0.35  +0.76 || 0        Gyro:  +23.73 -119.20  -84.05 || 0
Accel:  +1.00  -0.37  +0.58 || 5        Gyro:  +48.32 -128.52  -81.34 || 5
Accel:  +1.16  -0.35  +0.49 || 10       Gyro:  +61.08 -118.02  -86.34 || 10
Accel:  +1.44  -0.16  +0.61 || 15       Gyro:  +86.93  -85.31  -74.95 || 15
Accel:  +1.38  -0.16  +0.59 || 20       Gyro:  +60.37  -92.74  -55.47 || 20
Accel:  +1.47  -0.10  +0.54 || 25       Gyro:  +50.67  -73.33  -48.73 || 25
Accel:  +1.37  -0.17  +0.39 || 30       Gyro:  +47.15  -77.20  -52.27 || 30
Accel:  +1.46  -0.14  +0.36 || 35       Gyro:  +46.34  -74.49  -51.11 || 35
Accel:  +1.56  -0.08  +0.30 || 40       Gyro:  +69.18  -68.41  -54.56 || 40
Accel:  +1.55  -0.04  +0.18 || 45       Gyro:  +79.11  -68.79  -53.34 || 45
Accel:  +1.63  +0.07  +0.24 || 50       Gyro:  +69.69  -32.93  -48.85 || 50
Accel:  +1.15  -0.01  +0.21 || 55       Gyro:  +38.34  -14.40  -53.81 || 55
Accel:  +1.87  +0.27  +0.02 || 60       Gyro: +141.64  -72.29  -49.73 || 60
Accel:  +1.66  +0.23  +0.27 || 65       Gyro:  +87.24  -21.54  -46.37 || 65
Accel:  +1.59  +0.21  +0.20 || 70       Gyro:  +52.58  -17.97  -24.86 || 70
Accel:  +1.54  +0.22  +0.14 || 75       Gyro:  +61.98  -21.93  -17.60 || 75
Accel:  +1.63  +0.31  +0.06 || 80       Gyro:  +61.76  -18.01  -10.85 || 80
Accel:  +1.52  +0.24  +0.07 || 85       Gyro:  +51.16   -3.48  -11.66 || 85
Accel:  +1.46  +0.25  +0.04 || 90       Gyro:  +53.69   -0.15  -14.64 || 90
Accel:  +1.53  +0.30  +0.10 || 95       Gyro:  +57.86   -5.74  -18.09 || 95
Accel:  +1.58  +0.30  +0.01 || 100      Gyro:  +57.11   +4.17   -9.88 || 100
Accel:  +1.42  +0.26  +0.08 || 105      Gyro:  +56.56  +21.79  -19.51 || 105
Accel:  +1.49  +0.39  +0.09 || 110      Gyro:  +54.17  +20.77  -22.64 || 110
Accel:  +1.46  +0.38  +0.13 || 115      Gyro:  +66.37   -7.15   -8.47 || 115
Accel:  +1.52  +0.40  +0.12 || 120      Gyro:  +54.18   -9.41   -9.08 || 120
Accel:  +1.45  +0.35  +0.05 || 125      Gyro:  +48.87   -2.75   -4.50 || 125
Accel:  +1.49  +0.39  +0.04 || 130      Gyro:  +54.50   +5.21   -9.32 || 130
Accel:  +1.52  +0.41  +0.10 || 135      Gyro:  +51.53   +0.63   +0.92 || 135
Accel:  +1.45  +0.38  +0.09 || 140      Gyro:  +45.26   +3.42   -0.60 || 140
Accel:  +1.52  +0.41  +0.11 || 145      Gyro:  +44.56   +1.59   +9.27 || 145
Accel:  +1.45  +0.35  +0.03 || 150      Gyro:  +46.49   -0.65   +4.71 || 150
Accel:  +1.49  +0.36  +0.07 || 155      Gyro:  +49.37   +2.07   +3.07 || 155
Accel:  +1.49  +0.38  +0.11 || 160      Gyro:  +43.25   +5.56   +5.47 || 160
Accel:  +1.46  +0.37  +0.08 || 165      Gyro:  +47.74   -3.82   +2.02 || 165
Accel:  +1.50  +0.36  +0.08 || 170      Gyro:  +47.27   +0.43   +3.47 || 170
Accel:  +1.43  +0.34  +0.09 || 175      Gyro:  +46.44   +3.05   -0.33 || 175
Accel:  +1.50  +0.39  +0.10 || 180      Gyro:  +47.46   +0.34   +0.26 || 180
Accel:  +1.47  +0.34  +0.06 || 185      Gyro:  +47.95   -2.01   +1.06 || 185
Accel:  +1.48  +0.36  +0.07 || 190      Gyro:  +62.03   -2.11   -5.74 || 190
Accel:  +1.50  +0.40  +0.14 || 195      Gyro:  +44.72   +4.30   +4.51 || 195
Accel:  +1.44  +0.34  +0.07 || 200      Gyro:  +49.48   -0.06   +1.03 || 200
Accel:  +1.52  +0.38  +0.09 || 205      Gyro:  +45.57   +6.29   +6.20 || 205
Accel:  +1.41  +0.33  +0.08 || 210      Gyro:  +48.85   +6.73   +4.60 || 210
Accel:  +1.50  +0.38  +0.12 || 215      Gyro:  +54.57   +3.46   +8.50 || 215
Accel:  +1.50  +0.34  +0.13 || 220      Gyro:  +57.44  +18.85  +31.79 || 220
Accel:  +1.45  +0.30  +0.08 || 225      Gyro:  +62.69  +26.03  +26.10 || 225
Accel:  +1.48  +0.31  +0.12 || 230      Gyro:  +57.80  +23.18  +13.36 || 230
Accel:  +1.50  +0.30  +0.15 || 235      Gyro:  +52.36  +10.22   +4.73 || 235
Accel:  +1.55  +0.32  +0.20 || 240      Gyro:  +48.92  +11.02   +9.23 || 240
Accel:  +1.57  +0.31  +0.22 || 245      Gyro:  +39.11  +10.06  +20.78 || 245
Accel:  +1.58  +0.27  +0.16 || 250      Gyro:  +32.34   +8.03  +18.15 || 250
Accel:  +1.55  +0.27  +0.19 || 255      Gyro:  +22.34  +21.93  +21.40 || 255
Accel:  +1.56  +0.23  +0.22 || 260      Gyro:  +17.66  +35.15  +21.38 || 260
Accel:  +1.54  +0.19  +0.27 || 265      Gyro:  +26.21  +27.85  +24.36 || 265
Accel:  +1.52  +0.16  +0.28 || 270      Gyro:  +22.39  +26.77  +27.76 || 270
Accel:  +1.61  +0.15  +0.29 || 275      Gyro:  +35.75  +23.22  +33.50 || 275
Accel:  +1.61  +0.12  +0.30 || 280      Gyro:  +39.05  +34.92  +41.92 || 280
Accel:  +1.51  +0.07  +0.29 || 285      Gyro:  +39.15  +44.15  +44.27 || 285
Accel:  +1.49  +0.02  +0.29 || 290      Gyro:  +44.42  +49.63  +42.56 || 290
Accel:  +1.43  -0.02  +0.33 || 295      Gyro:  +54.68  +58.27  +37.56 || 295
Accel:  +1.37  -0.03  +0.37 || 300      Gyro:  +54.32  +78.43  +39.15 || 300
Accel:  +1.36  -0.02  +0.46 || 305      Gyro:  +59.75  +93.98  +32.96 || 305
Accel:  +1.27  +0.00  +0.61 || 310      Gyro:  +61.19  +90.30  +32.88 || 310
Accel:  +1.19  -0.04  +0.66 || 315      Gyro:  +55.11  +80.07  +28.61 || 315
Accel:  +1.14  -0.05  +0.72 || 320      Gyro:  +46.46  +64.44  +30.89 || 320
Accel:  +1.05  -0.11  +0.70 || 325      Gyro:  +57.56  +52.32  +29.18 || 325
Accel:  +1.09  -0.09  +0.78 || 330      Gyro:  +64.02  +47.08  +28.15 || 330
Accel:  +1.00  -0.10  +0.83 || 335      Gyro:  +56.60  +45.69  +20.50 || 335
Accel:  +1.00  -0.11  +0.81 || 340      Gyro:  +57.80  +44.71   +8.35 || 340
Accel:  +0.95  -0.08  +0.88 || 345      Gyro:  +58.63  +35.35   +7.33 || 345
Accel:  +0.93  -0.09  +0.90 || 350      Gyro:  +59.06  +11.53  +14.31 || 350
Accel:  +0.97  -0.09  +0.92 || 355      Gyro:  +55.25   +7.92  +11.31 || 355
Accel:  +0.98  -0.07  +0.88 || 360      Gyro:  +49.94  +14.45   +3.00 || 360
Accel:  +1.00  -0.08  +0.87 || 365      Gyro:  +45.46  +16.91   +0.90 || 365
Accel:  +0.95  -0.10  +0.88 || 370      Gyro:  +49.73   +7.70   +1.82 || 370
Accel:  +0.93  -0.09  +0.91 || 375      Gyro:  +47.51   +1.13   +6.15 || 375
Accel:  +0.94  -0.10  +0.89 || 380      Gyro:  +49.72   -0.31   +1.89 || 380
Accel:  +0.99  -0.09  +0.90 || 385      Gyro:  +47.91   +1.39   +2.79 || 385
Accel:  +0.94  -0.11  +0.88 || 390      Gyro:  +46.33   +0.10   -1.69 || 390
Accel:  +0.91  -0.07  +0.92 || 395      Gyro:  +43.69   -4.54   -1.92 || 395