Accel:  +0.41  +0.05  +0.93 || 0        Gyro:  +38.93   -4.02   +3.65 || 0
Accel:  +0.43  +0.06  +1.00 || 5        Gyro:  +40.51   -1.08   +3.02 || 5
Accel:  +0.43  +0.02  +0.90 || 10       Gyro:  +40.38  -10.43   +5.60 || 10
Accel:  +0.44  +0.07  +1.03 || 15       Gyro:  +37.47  -16.89   +6.77 || 15
Accel:  +0.40  +0.06  +1.12 || 20       Gyro:  +31.57  -37.58  +12.02 || 20
Accel:  +0.49  +0.00  +0.93 || 25       Gyro:  +20.37  -57.09  +11.50 || 25
Accel:  +0.57  -0.01  +0.99 || 30       Gyro:  +30.09  -44.30   +5.67 || 30
Accel:  +0.51  -0.08  +0.83 || 35       Gyro:  +40.37  -83.57  +12.95 || 35
Accel:  +0.66  -0.03  +0.88 || 40       Gyro:  +44.27  -94.57   -0.02 || 40
Accel:  +0.83  +0.02  +1.00 || 45       Gyro:  +40.70  -83.13   -9.53 || 45
Accel:  +0.82  -0.05  +0.93 || 50       Gyro:  +31.71  -81.08   -3.47 || 50
Accel:  +0.90  -0.08  +0.74 || 55       Gyro:  +31.25 -100.19  -15.19 || 55
Accel:  +1.07  -0.05  +0.81 || 60       Gyro:  +49.78 -115.98   -7.89 || 60
Accel:  +1.07  -0.08  +0.73 || 65       Gyro:  +46.44 -133.73  -13.80 || 65
Accel:  +1.43  +0.26  +0.67 || 70       Gyro:  +50.66  -89.24   +8.76 || 70
Accel:  +1.25  -0.04  +0.66 || 75       Gyro:  +44.72 -118.90  -12.76 || 75
Accel:  +1.35  -0.02  +0.59 || 80       Gyro:  +26.31  -89.05  -15.87 || 80
Accel:  +1.35  -0.06  +0.45 || 85       Gyro:  +25.90 -112.14  -18.77 || 85
Accel:  +1.34  +0.00  +0.47 || 90       Gyro:  +36.46 -128.13  -26.04 || 90
Accel:  +1.49  -0.06  +0.18 || 95       Gyro:  +35.87 -122.36  -32.12 || 95
Accel:  +1.45  +0.04  +0.17 || 100      Gyro:  +35.56 -134.92  -36.34 || 100
Accel:  +1.72  +0.12  +0.22 || 105      Gyro:  +40.61 -100.01  -34.83 || 105
Accel:  +1.41  +0.06  +0.03 || 110      Gyro:  +40.75 -109.75  -30.57 || 110
Accel:  +1.66  +0.11  -0.09 || 115      Gyro:  +40.34 -113.68  -47.95 || 115
Accel:  +1.59  +0.17  -0.25 || 120      Gyro:  +39.72  -74.63  -27.73 || 120
Accel:  +1.43  +0.13  -0.23 || 125      Gyro:  +47.44  -66.96  -20.54 || 125
Accel:  +2.00  +0.29  -0.38 || 130      Gyro:  +57.34  -55.39   +5.05 || 130
Accel:  +1.42  +0.16  -0.32 || 135      Gyro:  +43.02  -29.69   +2.71 || 135
Accel:  +1.67  +0.14  -0.39 || 140      Gyro:  +53.04   -7.60   +8.56 || 140
Accel:  +1.59  +0.14  -0.36 || 145      Gyro:  +53.16  +21.99   +5.60 || 145
Accel:  +1.55  +0.17  -0.33 || 150      Gyro:  +49.43  +61.47  +13.60 || 150
Accel:  +1.79  +0.23  -0.30 || 155      Gyro:  +46.63 +118.76  +22.29 || 155
Accel:  +1.51  +0.15  -0.10 || 160      Gyro:  +37.18 +102.11   +6.42 || 160
Accel:  +1.90  +0.18  -0.04 || 165      Gyro:  +28.29 +135.23  +23.20 || 165
Accel:  +1.56  +0.06  -0.02 || 170      Gyro:  +29.41 +190.71  +44.92 || 170
Accel:  +1.33  +0.07  +0.29 || 175      Gyro:  +38.33 +171.65  +37.98 || 175
Accel:  +1.47  +0.03  +0.27 || 180      Gyro:  +40.63 +194.88  +44.05 || 180
Accel:  +1.14  -0.04  +0.54 || 185      Gyro:  +36.41 +158.41  +39.33 || 185
Accel:  +1.13  -0.03  +0.68 || 190      Gyro:  +38.08 +136.76  +19.33 || 190
Accel:  +1.11  -0.06  +0.67 || 195      Gyro:  +36.15 +122.70  +26.50 || 195
Accel:  +0.98  -0.06  +0.87 || 200      Gyro:  +34.42 +125.15  +19.93 || 200
Accel:  +0.96  -0.12  +0.69 || 205      Gyro:  +56.74 +124.75  +17.25 || 205
Accel:  +0.98  -0.06  +0.87 || 210      Gyro:  +32.27  +89.67   +4.43 || 210
Accel:  +0.95  -0.05  +0.92 || 215      Gyro:  +32.21 +122.46  +17.40 || 215
Accel:  +0.59  -0.14  +0.82 || 220      Gyro:  +43.19  +73.54  +36.36 || 220
Accel:  +0.41  -0.10  +1.12 || 225      Gyro:  +52.26  +56.18  +20.75 || 225
Accel:  +0.51  -0.18  +0.89 || 230      Gyro:  +50.05  +31.46   +4.31 || 230
Accel:  +0.57  -0.11  +1.02 || 235      Gyro:  +52.16   +3.47   -2.72 || 235
Accel:  +0.66  -0.10  +1.00 || 240      Gyro:  +47.92   +8.02   +1.57 || 240
Accel:  +0.56  -0.09  +1.03 || 245      Gyro:  +33.08   -3.73   +0.53 || 245
Accel:  +0.62  -0.14  +0.91 || 250      Gyro:  +47.67   -1.69   +5.32 || 250
Accel:  +0.55  -0.14  +0.95 || 255      Gyro:  +44.40   +2.79   +1.19 || 255
Accel:  +0.49  -0.14  +0.94 || 260      Gyro:  +46.54   -6.98   +3.69 || 260
Accel:  +0.59  -0.12  +0.97 || 265      Gyro:  +45.12  -14.73   -7.24 || 265
Accel:  +0.62  -0.12  +1.01 || 270      Gyro:  +41.82  -19.05   -1.05 || 270
Accel:  +0.64  -0.13  +0.92 || 275      Gyro:  +50.79   -2.89   -1.30 || 275
Accel:  +0.61  -0.13  +0.93 || 280      Gyro:  +44.53  -10.33   -2.08 || 280
Accel:  +0.66  -0.13  +0.92 || 285      Gyro:  +51.75   +4.42   +0.29 || 285
Accel:  +0.59  -0.13  +0.99 || 290      Gyro:  +42.43   -7.30   +2.28 || 290
Accel:  +0.20  -0.06  +1.39 || 295      Gyro:  +11.69 -137.88  +16.23 || 295
Accel:  -1.26  -0.25  +0.40 || 300      Gyro:  +31.60 -250.14 -130.76 || 300
Accel:  +1.17  +0.44  -1.06 || 305      Gyro:  +71.94 -250.14 -250.14 || 305
Accel:  +2.00  +0.43  -1.17 || 310      Gyro:   -5.39 -250.14 -176.99 || 310
Accel:  +2.00  +0.77  -1.45 || 315      Gyro:  -26.29  +19.25   -4.12 || 315
Accel:  +2.00  +0.31  -2.00 || 320      Gyro: +179.11 +250.13 +157.48 || 320
Accel:  -1.18  +0.83  +2.00 || 325      Gyro:  -30.68 +250.13 +136.82 || 325
Accel:  +0.32  -0.33  -1.02 || 330      Gyro:  +18.47 +250.13 +152.23 || 330
Accel:  -1.13  -0.24  +1.30 || 335      Gyro:  +62.58   -3.40  -10.52 || 335
Accel:  +0.89  -0.00  +1.20 || 340      Gyro:  +33.83  -46.56  -41.85 || 340
Accel:  +0.70  -0.10  +1.06 || 345      Gyro:  +28.84   -7.50   -9.73 || 345
Accel:  +0.66  -0.14  +0.90 || 350      Gyro:  +49.94  -12.69   +2.70 || 350
Accel:  +0.63  -0.13  +0.89 || 355      Gyro:  +46.47  +16.56   -4.11 || 355
Accel:  +0.60  -0.09  +0.98 || 360      Gyro:  +55.63  -11.88   -1.68 || 360
Accel:  +0.69  -0.05  +1.07 || 365      Gyro:  +29.59  +17.66   -6.08 || 365
Accel:  +0.59  -0.11  +0.96 || 370      Gyro:  +54.05   +9.90   +1.56 || 370
Accel:  +0.58  -0.14  +0.88 || 375      Gyro:  +43.29   +6.14   -3.09 || 375
Accel:  +0.57  -0.11  +0.98 || 380      Gyro:  +55.13   +8.79   -7.24 || 380
Accel:  +0.58  -0.11  +0.97 || 385      Gyro:  +43.89   +0.26   -6.39 || 385
Accel:  +0.66  -0.10  +0.98 || 390      Gyro:  +40.60  +27.14  -10.27 || 390
Accel:  +0.57  -0.16  +0.84 || 395      Gyro:  +52.87   +8.59   +1.26 || 395