Accel:  +0.77  -0.29  +0.87 || 0        Gyro:  +41.77  -35.25  -28.78 || 0
Accel:  +0.79  -0.28  +0.88 || 5        Gyro:  +38.45  -49.83  -35.56 || 5
Accel:  +0.88  -0.26  +0.86 || 10       Gyro:  +39.95  -55.85  -40.05 || 10
Accel:  +0.96  -0.27  +0.82 || 15       Gyro:  +45.40  -57.73  -44.98 || 15
Accel:  +1.05  -0.25  +0.79 || 20       Gyro:  +56.52  -59.12  -37.79 || 20
Accel:  +1.09  -0.23  +0.71 || 25       Gyro:  +70.12  -43.05  -35.59 || 25
Accel:  +1.09  -0.12  +0.85 || 30       Gyro:  +55.77  -23.92  -51.08 || 30
Accel:  +1.07  -0.14  +0.81 || 35       Gyro:  +45.18  -26.31  -52.11 || 35
Accel:  +1.09  -0.15  +0.75 || 40       Gyro:  +45.64  -51.73  -48.17 || 40
Accel:  +1.21  -0.11  +0.67 || 45       Gyro:  +68.96  -49.66  -41.95 || 45
Accel:  +1.10  -0.15  +0.56 || 50       Gyro:  +81.81  -39.41  -70.22 || 50
Accel:  +1.27  +0.12  +0.68 || 55       Gyro: +111.44  -35.76  -88.74 || 55
Accel:  +1.34  +0.20  +0.70 || 60       Gyro: +117.69  -67.84  -76.54 || 60
Accel:  +1.31  +0.24  +0.65 || 65       Gyro:  +88.24  -35.89  -65.92 || 65
Accel:  +1.39  +0.33  +0.58 || 70       Gyro:  +69.63  -19.36  -52.53 || 70
Accel:  +1.44  +0.40  +0.64 || 75       Gyro:  +82.52  -30.53  -11.82 || 75
Accel:  +1.37  +0.35  +0.59 || 80       Gyro:  +62.71   +3.11  -17.58 || 80
Accel:  +1.39  +0.38  +0.58 || 85       Gyro:  +59.67   -8.02   +2.91 || 85
Accel:  +1.31  +0.33  +0.58 || 90       Gyro:  +59.56   -9.19   +2.31 || 90
Accel:  +1.28  +0.32  +0.49 || 95       Gyro:  +54.95   -6.04  -12.15 || 95
Accel:  +1.35  +0.40  +0.52 || 100      Gyro:  +65.59  -14.48   -6.39 || 100
Accel:  +1.34  +0.38  +0.53 || 105      Gyro:  +51.27   -7.37   -7.08 || 105
Accel:  +1.32  +0.39  +0.52 || 110      Gyro:  +46.95   -7.57   -2.51 || 110
Accel:  +1.29  +0.36  +0.49 || 115      Gyro:  +44.95   -4.59   +2.71 || 115
Accel:  +1.34  +0.38  +0.53 || 120      Gyro:  +44.92   -4.35   +2.79 || 120
Accel:  +1.34  +0.35  +0.47 || 125      Gyro:  +45.18   -1.92   +1.17 || 125
Accel:  +1.32  +0.36  +0.52 || 130      Gyro:  +45.41   -1.56   +5.13 || 130
Accel:  +1.35  +0.37  +0.54 || 135      Gyro:  +43.86   -3.04   +4.07 || 135
Accel:  +1.34  +0.37  +0.51 || 140      Gyro:  +43.31   +3.35   +3.65 || 140
Accel:  +1.33  +0.35  +0.51 || 145      Gyro:  +44.22   +3.21   +4.28 || 145
Accel:  +1.35  +0.34  +0.49 || 150      Gyro:  +46.94   -0.01   +0.57 || 150
Accel:  +1.34  +0.35  +0.51 || 155      Gyro:  +48.11   -0.07   +1.32 || 155
Accel:  +1.35  +0.36  +0.54 || 160      Gyro:  +47.59   +3.13   +2.15 || 160
Accel:  +1.33  +0.37  +0.56 || 165      Gyro:  +43.99   -2.44   +0.85 || 165
Accel:  +1.32  +0.34  +0.50 || 170      Gyro:  +46.61   -5.92   +0.01 || 170
Accel:  +1.33  +0.36  +0.50 || 175      Gyro:  +46.97   -3.13   +0.87 || 175
Accel:  +1.34  +0.33  +0.44 || 180      Gyro:  +50.10   -1.03   +1.44 || 180
Accel:  +1.32  +0.39  +0.57 || 185      Gyro:  +49.82   +3.89   +2.62 || 185
Accel:  +1.31  +0.36  +0.58 || 190      Gyro:  +39.15   -1.69   +5.26 || 190
Accel:  +1.35  +0.33  +0.49 || 195      Gyro:  +40.95   -3.02   +4.10 || 195
Accel:  +1.37  +0.36  +0.52 || 200      Gyro:  +41.73   -3.66   +9.04 || 200
Accel:  +1.35  +0.31  +0.49 || 205      Gyro:  +38.76   -0.04   +7.22 || 205
Accel:  +1.30  +0.29  +0.46 || 210      Gyro:  +44.79   +1.78   +5.16 || 210
Accel:  +1.30  +0.31  +0.53 || 215      Gyro:  +42.50   +5.05   +8.67 || 215
Accel:  +1.34  +0.31  +0.52 || 220      Gyro:  +45.27   +2.96   +4.70 || 220
Accel:  +1.36  +0.32  +0.53 || 225      Gyro:  +45.05   -1.16   +4.66 || 225
Accel:  +1.34  +0.32  +0.54 || 230      Gyro:  +41.07   -0.98   +3.98 || 230
Accel:  +1.33  +0.29  +0.52 || 235      Gyro:  +43.09   -1.92   +5.04 || 235
Accel:  +1.36  +0.30  +0.53 || 240      Gyro:  +38.18   -2.24   +8.73 || 240
Accel:  +1.38  +0.26  +0.50 || 245      Gyro:  +37.04   -0.31  +15.08 || 245
Accel:  +1.46  +0.29  +0.51 || 250      Gyro:  +34.41  +12.24  +21.00 || 250
Accel:  +1.39  +0.30  +0.55 || 255      Gyro:  +22.92  +23.55  +23.64 || 255
Accel:  +1.37  +0.22  +0.54 || 260      Gyro:  +16.38  +25.65  +32.31 || 260
Accel:  +1.39  +0.19  +0.59 || 265      Gyro:  +20.83  +35.79  +30.11 || 265
Accel:  +1.32  +0.14  +0.62 || 270      Gyro:  +11.54  +32.63  +41.67 || 270
Accel:  +1.33  +0.05  +0.52 || 275      Gyro:  +23.59  +32.43  +48.31 || 275
Accel:  +1.34  +0.06  +0.59 || 280      Gyro:  +43.69  +30.35  +61.85 || 280
Accel:  +1.20  +0.00  +0.69 || 285      Gyro:  +44.81  +33.54  +64.89 || 285
Accel:  +1.27  -0.06  +0.60 || 290      Gyro:  +45.06  +28.62  +70.53 || 290
Accel:  +1.14  -0.09  +0.71 || 295      Gyro:  +49.76  +32.60  +60.25 || 295
Accel:  +1.21  -0.12  +0.72 || 300      Gyro:  +46.89  +36.83  +52.68 || 300
Accel:  +1.08  -0.13  +0.81 || 305      Gyro:  +43.73  +50.44  +42.29 || 305
Accel:  +1.07  -0.19  +0.78 || 310      Gyro:  +43.04  +34.99  +44.10 || 310
Accel:  +1.04  -0.21  +0.79 || 315      Gyro:  +49.52  +38.44  +46.73 || 315
Accel:  +0.96  -0.21  +0.85 || 320      Gyro:  +48.52  +50.78  +32.66 || 320
Accel:  +0.86  -0.24  +0.85 || 325      Gyro:  +49.26  +35.69  +30.51 || 325
Accel:  +0.90  -0.20  +0.87 || 330      Gyro:  +56.24  +35.02  +15.42 || 330
Accel:  +0.90  -0.20  +0.93 || 335      Gyro:  +47.40  +30.42   +3.16 || 335
Accel:  +0.93  -0.22  +0.87 || 340      Gyro:  +55.11  +19.73  +16.88 || 340
Accel:  +0.87  -0.21  +0.92 || 345      Gyro:  +49.40  +26.06  +12.85 || 345
Accel:  +0.84  -0.24  +0.90 || 350      Gyro:  +46.47  +30.53  +16.24 || 350
Accel:  +0.83  -0.23  +0.93 || 355      Gyro:  +46.48  +18.26   +6.50 || 355
Accel:  +0.73  -0.23  +0.94 || 360      Gyro:  +45.08   +2.51   +2.27 || 360
Accel:  +0.82  -0.24  +0.90 || 365      Gyro:  +45.39   -1.10   -2.74 || 365
Accel:  +0.81  -0.24  +0.92 || 370      Gyro:  +41.55   -3.86   -3.37 || 370
Accel:  +0.84  -0.27  +0.90 || 375      Gyro:  +41.63   -5.69   -8.11 || 375
Accel:  +0.84  -0.26  +0.91 || 380      Gyro:  +43.93   -8.52   -5.40 || 380
Accel:  +0.86  -0.27  +0.87 || 385      Gyro:  +47.66   -2.82   -3.49 || 385
Accel:  +0.85  -0.24  +0.91 || 390      Gyro:  +45.23   -3.07   -3.86 || 390
Accel:  +0.84  -0.27  +0.89 || 395      Gyro:  +46.50   -4.57   -3.02 || 395