Accel:  +0.82  -0.35  +0.89 || 0        Gyro:  +33.76  -21.80   +0.28 || 0
Accel:  +0.83  -0.41  +0.78 || 5        Gyro:  +48.24  -20.04   -5.23 || 5
Accel:  +0.84  -0.32  +0.94 || 10       Gyro:  +47.30  -17.20  -10.60 || 10
Accel:  +0.78  -0.39  +0.79 || 15       Gyro:  +43.03  -32.90  -25.40 || 15
Accel:  +0.86  -0.34  +0.88 || 20       Gyro:  +43.63  -84.76  -65.07 || 20
Accel:  +0.98  -0.35  +0.70 || 25       Gyro:  +46.03 -115.10  -83.01 || 25
Accel:  +1.20  -0.23  +0.73 || 30       Gyro:  +42.48  -77.77  -70.91 || 30
Accel:  +1.18  -0.20  +0.74 || 35       Gyro:  +47.60  -65.76  -58.37 || 35
Accel:  +1.20  -0.21  +0.64 || 40       Gyro:  +50.83  -61.77  -69.31 || 40
Accel:  +1.19  -0.23  +0.55 || 45       Gyro:  +55.21  -60.69  -74.51 || 45
Accel:  +1.34  -0.08  +0.60 || 50       Gyro:  +62.78  -61.05  -67.53 || 50
Accel:  +1.29  -0.09  +0.45 || 55       Gyro:  +79.24  -36.35  -80.66 || 55
Accel:  +1.37  +0.03  +0.52 || 60       Gyro:  +98.38  -70.31  -64.13 || 60
Accel:  +1.44  +0.17  +0.49 || 65       Gyro:  +96.10  -37.71  -73.73 || 65
Accel:  +1.40  +0.19  +0.46 || 70       Gyro:  +93.41  -29.63  -74.17 || 70
Accel:  +1.57  +0.39  +0.50 || 75       Gyro:  +78.86  -46.60  -50.67 || 75
Accel:  +1.43  +0.26  +0.33 || 80       Gyro:  +60.24  -17.79  -39.13 || 80
Accel:  +1.49  +0.39  +0.41 || 85       Gyro:  +60.16   -8.49  -14.92 || 85
Accel:  +1.46  +0.34  +0.34 || 90       Gyro:  +63.56  -17.10   -5.95 || 90
Accel:  +1.40  +0.24  +0.22 || 95       Gyro:  +74.15  -14.21  -11.69 || 95
Accel:  +1.45  +0.38  +0.37 || 100      Gyro:  +66.37   -5.42   -8.66 || 100
Accel:  +1.44  +0.37  +0.31 || 105      Gyro:  +47.60   +9.76  -18.51 || 105
Accel:  +1.37  +0.38  +0.34 || 110      Gyro:  +51.68  -12.33  -20.80 || 110
Accel:  +1.43  +0.41  +0.29 || 115      Gyro:  +51.60  -13.11  -15.40 || 115
Accel:  +1.38  +0.37  +0.25 || 120      Gyro:  +52.64   -2.25  -17.85 || 120
Accel:  +1.44  +0.47  +0.31 || 125      Gyro:  +48.47   -6.63   -7.96 || 125
Accel:  +1.35  +0.41  +0.25 || 130      Gyro:  +46.18   +2.78  -20.17 || 130
Accel:  +1.42  +0.49  +0.35 || 135      Gyro:  +52.69   -1.82   -6.21 || 135
Accel:  +1.30  +0.36  +0.22 || 140      Gyro:  +51.98   +3.91  -14.95 || 140
Accel:  +1.47  +0.58  +0.33 || 145      Gyro:  +76.57   -0.82  -13.32 || 145
Accel:  +1.29  +0.46  +0.31 || 150      Gyro:  +42.62   -9.44   -7.15 || 150
Accel:  +1.36  +0.46  +0.27 || 155      Gyro:  +62.43   -1.15  -17.92 || 155
Accel:  +1.43  +0.57  +0.33 || 160      Gyro:  +49.32   -7.90   +1.09 || 160
Accel:  +1.41  +0.51  +0.22 || 165      Gyro:  +42.51   -0.24   +3.02 || 165
Accel:  +1.39  +0.53  +0.31 || 170      Gyro:  +32.89   +2.78  +11.22 || 170
Accel:  +1.39  +0.48  +0.30 || 175      Gyro:  +30.29   +4.44  +19.24 || 175
Accel:  +1.43  +0.48  +0.31 || 180      Gyro:  +17.08  +12.83  +33.79 || 180
Accel:  +1.48  +0.45  +0.31 || 185      Gyro:   +0.82  +27.29  +44.66 || 185
Accel:  +1.52  +0.43  +0.41 || 190      Gyro:  -29.21  +59.43  +63.76 || 190
Accel:  +1.53  +0.31  +0.32 || 195      Gyro:  -32.36 +102.68  +74.03 || 195
Accel:  +1.37  +0.23  +0.49 || 200      Gyro:  -34.11  +85.12  +48.18 || 200
Accel:  +1.34  +0.13  +0.57 || 205      Gyro:   -0.89  +71.09  +62.22 || 205
Accel:  +1.26  +0.00  +0.62 || 210      Gyro:   +5.97  +61.47  +68.32 || 210
Accel:  +1.17  -0.01  +0.77 || 215      Gyro:   +4.33  +46.42  +62.09 || 215
Accel:  +1.14  -0.10  +0.70 || 220      Gyro:  +15.61  +11.11  +54.04 || 220
Accel:  +1.25  -0.12  +0.66 || 225      Gyro:  +36.33   -1.23  +47.85 || 225
Accel:  +1.24  -0.15  +0.66 || 230      Gyro:  +43.53  +15.19  +38.54 || 230
Accel:  +1.16  -0.20  +0.73 || 235      Gyro:  +61.63  +16.98  +30.31 || 235
Accel:  +1.17  -0.17  +0.73 || 240      Gyro:  +57.97  +24.69  +33.37 || 240
Accel:  +1.13  -0.19  +0.75 || 245      Gyro:  +57.57  +34.63  +38.06 || 245
Accel:  +1.14  -0.23  +0.66 || 250      Gyro:  +77.48  +32.40  +61.08 || 250
Accel:  +1.14  -0.17  +0.80 || 255      Gyro:  +62.05   +8.24  +39.89 || 255
Accel:  +1.13  -0.23  +0.75 || 260      Gyro:  +54.91  +19.87  +38.85 || 260
Accel:  +1.01  -0.25  +0.80 || 265      Gyro:  +53.01  +15.38  +27.44 || 265
Accel:  +0.99  -0.23  +0.83 || 270      Gyro:  +55.07  +20.30  +32.10 || 270
Accel:  +0.95  -0.21  +0.90 || 275      Gyro:  +44.18  +23.46  +25.72 || 275
Accel:  +0.88  -0.26  +0.90 || 280      Gyro:  +42.27   +9.36  +15.01 || 280
Accel:  +0.90  -0.28  +0.85 || 285      Gyro:  +42.02   +2.56   +0.93 || 285
Accel:  +0.94  -0.28  +0.86 || 290      Gyro:  +40.92   +0.10   -6.57 || 290
Accel:  +0.98  -0.27  +0.84 || 295      Gyro:  +43.89  -10.22   -7.07 || 295
Accel:  +0.99  -0.29  +0.82 || 300      Gyro:  +43.03   -4.76   -7.29 || 300
Accel:  +0.99  -0.27  +0.83 || 305      Gyro:  +42.13   -1.42   -4.18 || 305
Accel:  +1.01  -0.30  +0.80 || 310      Gyro:  +46.00   -2.16   -3.06 || 310
Accel:  +0.98  -0.29  +0.80 || 315      Gyro:  +49.98   +0.08   -3.31 || 315
Accel:  +1.04  -0.25  +0.86 || 320      Gyro:  +46.72   -3.18   -0.82 || 320
Accel:  +0.99  -0.29  +0.81 || 325      Gyro:  +47.86   -1.11   -1.23 || 325
Accel:  +1.00  -0.27  +0.85 || 330      Gyro:  +49.69   -0.43   +0.56 || 330
Accel:  +0.99  -0.28  +0.84 || 335      Gyro:  +45.56   +0.65   -2.64 || 335
Accel:  +1.01  -0.27  +0.84 || 340      Gyro:  +47.34   -3.60   -4.47 || 340
Accel:  +1.04  -0.28  +0.80 || 345      Gyro:  +48.40   -6.18   -1.66 || 345
Accel:  +1.06  -0.28  +0.81 || 350      Gyro:  +51.54   -2.70   -3.28 || 350
Accel:  +1.01  -0.27  +0.83 || 355      Gyro:  +49.63   -3.24   -1.53 || 355
Accel:  +1.01  -0.28  +0.82 || 360      Gyro:  +46.14   -3.47   -3.09 || 360
Accel:  +0.98  -0.26  +0.82 || 365      Gyro:  +46.52   -4.37   -7.89 || 365
Accel:  +0.95  -0.25  +0.85 || 370      Gyro:  +45.88  -15.92  -16.40 || 370
Accel:  +0.87  -0.29  +0.84 || 375      Gyro:  +55.87  -38.23  -24.21 || 375
Accel:  +0.83  -0.29  +0.84 || 380      Gyro:  +55.41  -68.90  -57.87 || 380
Accel:  +1.15  -0.13  +0.75 || 385      Gyro:  +54.28 -133.00  -49.18 || 385
Accel:  +1.20  -0.26  +0.46 || 390      Gyro:  +74.89 -112.51  -50.49 || 390
Accel:  +1.46  -0.06  +0.45 || 395      Gyro: +124.13 -167.82  -17.85 || 395