Accel:  +1.04  -0.06  +0.63 || 0        Gyro: +103.57 -168.02  -90.42 || 0
Accel:  +1.54  +0.26  +0.84 || 5        Gyro: +111.56 -165.82  -73.50 || 5
Accel:  +1.37  +0.09  +0.59 || 10       Gyro:  +28.74  -93.20  -55.27 || 10
Accel:  +1.38  +0.16  +0.50 || 15       Gyro:  +98.04  -60.20  -42.88 || 15
Accel:  +1.35  +0.31  +0.62 || 20       Gyro:  +86.65  -63.34  -24.62 || 20
Accel:  +1.30  +0.25  +0.50 || 25       Gyro:  +82.25  -69.69  -29.85 || 25
Accel:  +1.46  +0.39  +0.53 || 30       Gyro:  +75.35  -46.74  -13.61 || 30
Accel:  +1.30  +0.30  +0.42 || 35       Gyro:  +64.81  -22.66  -27.36 || 35
Accel:  +1.49  +0.40  +0.48 || 40       Gyro:  +63.63  -20.92  -12.23 || 40
Accel:  +1.43  +0.38  +0.39 || 45       Gyro:  +49.58  -13.74   -2.05 || 45
Accel:  +1.42  +0.39  +0.43 || 50       Gyro:  +48.54   -4.79   +7.76 || 50
Accel:  +1.38  +0.34  +0.36 || 55       Gyro:  +44.95   +2.54   +6.70 || 55
Accel:  +1.41  +0.37  +0.43 || 60       Gyro:  +45.31  -12.01  -13.27 || 60
Accel:  +1.36  +0.36  +0.44 || 65       Gyro:  +40.05   +3.99   -0.45 || 65
Accel:  +1.38  +0.35  +0.41 || 70       Gyro:  +45.10   +2.05   +4.30 || 70
Accel:  +1.42  +0.37  +0.43 || 75       Gyro:  +44.34   +0.45   +8.02 || 75
Accel:  +1.38  +0.31  +0.38 || 80       Gyro:  +48.32   +2.96   +3.26 || 80
Accel:  +1.42  +0.37  +0.44 || 85       Gyro:  +50.52   +5.51   -0.47 || 85
Accel:  +1.35  +0.32  +0.43 || 90       Gyro:  +48.39   +7.79   -0.81 || 90
Accel:  +1.35  +0.33  +0.45 || 95       Gyro:  +53.36   +4.25   +3.73 || 95
Accel:  +1.38  +0.35  +0.44 || 100      Gyro:  +52.91   +5.39   +3.95 || 100
Accel:  +1.35  +0.34  +0.44 || 105      Gyro:  +47.15   +5.15   +1.85 || 105
Accel:  +1.37  +0.35  +0.43 || 110      Gyro:  +47.54   +4.05   -3.24 || 110
Accel:  +1.42  +0.38  +0.46 || 115      Gyro:  +46.33   +9.02   -2.59 || 115
Accel:  +1.35  +0.34  +0.48 || 120      Gyro:  +44.75   +1.81   +5.53 || 120
Accel:  +1.36  +0.35  +0.46 || 125      Gyro:  +39.45  +11.98  +10.98 || 125
Accel:  +1.34  +0.33  +0.49 || 130      Gyro:  +35.02  +12.48  +13.03 || 130
Accel:  +1.34  +0.30  +0.49 || 135      Gyro:  +30.88  +16.95  +11.89 || 135
Accel:  +1.38  +0.30  +0.51 || 140      Gyro:  +28.37  +17.85  +14.89 || 140
Accel:  +1.35  +0.26  +0.51 || 145      Gyro:  +26.96  +21.24  +16.34 || 145
Accel:  +1.33  +0.25  +0.54 || 150      Gyro:  +26.76  +25.21  +14.89 || 150
Accel:  +1.38  +0.24  +0.58 || 155      Gyro:  +26.72  +29.73  +21.18 || 155
Accel:  +1.32  +0.24  +0.60 || 160      Gyro:  +18.05  +30.09  +25.17 || 160
Accel:  +1.31  +0.16  +0.57 || 165      Gyro:  +23.20  +38.39  +19.98 || 165
Accel:  +1.29  +0.12  +0.57 || 170      Gyro:  +33.36  +87.94  +58.92 || 170
Accel:  +1.23  +0.09  +0.65 || 175      Gyro:  +20.49  +85.18   +8.24 || 175
Accel:  +1.23  +0.11  +0.82 || 180      Gyro:  +38.37  +64.73  +26.94 || 180
Accel:  +1.17  +0.11  +0.87 || 185      Gyro:  +11.41  +56.25  +23.54 || 185
Accel:  +1.13  +0.05  +0.91 || 190      Gyro:   -9.81  +71.97  +32.06 || 190
Accel:  +1.12  -0.08  +0.78 || 195      Gyro:  -11.21 +100.36  +50.29 || 195
Accel:  +1.00  -0.16  +0.76 || 200      Gyro:  +16.24 +105.53  +82.27 || 200
Accel:  +0.88  -0.19  +0.79 || 205      Gyro:  +50.06  +77.55  +81.24 || 205
Accel:  +0.73  -0.18  +0.90 || 210      Gyro:  +56.04  +76.16  +69.90 || 210
Accel:  +0.63  -0.12  +0.99 || 215      Gyro:  +45.81  +58.44  +52.25 || 215
Accel:  +0.49  -0.13  +0.95 || 220      Gyro:  +33.07  +24.38  +39.05 || 220
Accel:  +0.49  -0.16  +0.87 || 225      Gyro:  +41.44   -9.27  +24.02 || 225
Accel:  +0.44  -0.10  +0.96 || 230      Gyro:  +52.95  +14.27   +0.12 || 230
Accel:  +0.43  -0.13  +1.03 || 235      Gyro:  +45.46  -23.57  -22.55 || 235
Accel:  +0.64  -0.19  +1.01 || 240      Gyro:  +35.14  -86.24   -4.40 || 240
Accel:  +0.84  -0.30  +0.82 || 245      Gyro:  +47.86  -54.75   -2.82 || 245
Accel:  +0.99  -0.23  +0.87 || 250      Gyro:  +66.02  -22.33   +6.76 || 250
Accel:  +0.85  -0.18  +0.97 || 255      Gyro:  +49.14  +11.82   -3.18 || 255
Accel:  +0.78  -0.18  +0.95 || 260      Gyro:  +43.90   +5.02   -1.54 || 260
Accel:  +0.77  -0.16  +0.98 || 265      Gyro:  +26.87   -1.27   -8.38 || 265
Accel:  +0.77  -0.25  +0.85 || 270      Gyro:  +39.63  -17.17   -6.53 || 270
Accel:  +0.86  -0.19  +0.91 || 275      Gyro:  +53.67  -35.33   -5.13 || 275
Accel:  +0.90  -0.21  +0.94 || 280      Gyro:  +44.82  -59.27   -2.89 || 280
Accel:  +0.84  -0.21  +0.90 || 285      Gyro:  +45.66  -13.08   -7.71 || 285
Accel:  +0.91  -0.16  +0.96 || 290      Gyro:  +40.78  -19.26  -10.09 || 290
Accel:  +0.92  -0.23  +0.85 || 295      Gyro:  +42.56  -33.83   -6.66 || 295
Accel:  +0.97  -0.23  +0.86 || 300      Gyro:  +49.28  -12.52   -1.98 || 300
Accel:  +0.95  -0.21  +0.85 || 305      Gyro:  +45.67   -2.49   +2.03 || 305
Accel:  +0.93  -0.23  +0.85 || 310      Gyro:  +49.72   +0.94   -0.38 || 310
Accel:  +0.93  -0.21  +0.91 || 315      Gyro:  +50.62   -3.55   -1.16 || 315
Accel:  +0.95  -0.22  +0.86 || 320      Gyro:  +46.24   -9.12   -0.49 || 320
Accel:  +0.98  -0.21  +0.85 || 325      Gyro:  +50.45   -9.36   -0.10 || 325
Accel:  +0.95  -0.20  +0.88 || 330      Gyro:  +46.98   -5.28   -1.53 || 330
Accel:  +0.96  -0.23  +0.84 || 335      Gyro:  +51.31   -7.15   -3.19 || 335
Accel:  +1.04  -0.18  +0.91 || 340      Gyro:  +48.71   -9.60   +1.30 || 340
Accel:  +0.93  -0.24  +0.81 || 345      Gyro:  +49.38   -8.58   +0.56 || 345
Accel:  +1.04  -0.18  +0.90 || 350      Gyro:  +49.02   -6.58   -1.22 || 350
Accel:  +1.00  -0.21  +0.83 || 355      Gyro:  +46.70   -0.95   -0.18 || 355
Accel:  +0.98  -0.20  +0.86 || 360      Gyro:  +47.85   -4.79   -1.71 || 360
Accel:  +1.02  -0.20  +0.82 || 365      Gyro:  +50.68   -3.05   -1.08 || 365
Accel:  +1.05  -0.18  +0.86 || 370      Gyro:  +50.72   -4.10   -0.31 || 370
Accel:  +1.02  -0.19  +0.85 || 375      Gyro:  +50.03   -2.25   +2.02 || 375
Accel:  +0.96  -0.20  +0.86 || 380      Gyro:  +44.29   +2.11   +0.09 || 380
Accel:  +0.95  -0.22  +0.82 || 385      Gyro:  +53.40   -2.69   -3.69 || 385
Accel:  +0.99  -0.17  +0.89 || 390      Gyro:  +42.72   -9.04   -3.31 || 390
Accel:  +1.00  -0.22  +0.80 || 395      Gyro:  +48.44  -13.21   -6.39 || 395