Accel:  +0.84  -0.17  +0.89 || 0        Gyro:  +38.84  -16.19   -6.30 || 0
Accel:  +0.84  -0.17  +0.88 || 5        Gyro:  +48.77  -10.02   -2.35 || 5
Accel:  +0.81  -0.12  +0.95 || 10       Gyro:  +49.69   +2.89  -13.05 || 10
Accel:  +0.86  -0.11  +0.96 || 15       Gyro:  +42.08  -15.11   -4.66 || 15
Accel:  +0.85  -0.15  +0.90 || 20       Gyro:  +43.69  -10.16   -8.24 || 20
Accel:  +0.91  -0.12  +0.92 || 25       Gyro:  +39.19  -12.76   -6.50 || 25
Accel:  +0.85  -0.17  +0.91 || 30       Gyro:  +45.90   -8.69   -7.96 || 30
Accel:  +0.93  -0.13  +0.91 || 35       Gyro:  +42.21  -11.28   -6.27 || 35
Accel:  +0.91  -0.14  +0.89 || 40       Gyro:  +43.66   -8.89   -7.72 || 40
Accel:  +0.89  -0.13  +0.89 || 45       Gyro:  +44.07  -10.59   -9.13 || 45
Accel:  +0.89  -0.18  +0.88 || 50       Gyro:  +44.44  -32.60   -1.85 || 50
Accel:  +0.81  -0.14  +0.93 || 55       Gyro:  +48.30  -28.11  -21.63 || 55
Accel:  +0.98  -0.01  +1.00 || 60       Gyro:  +30.61  -49.26  -20.68 || 60
Accel:  +0.97  -0.16  +0.76 || 65       Gyro:  +18.01  -66.98  -21.33 || 65
Accel:  +1.06  -0.23  +0.67 || 70       Gyro:  +37.90  -53.77  -26.30 || 70
Accel:  +1.09  -0.19  +0.65 || 75       Gyro:  +89.65  -51.65   -7.24 || 75
Accel:  +1.14  -0.05  +0.79 || 80       Gyro:  +79.34  -45.35  -17.44 || 80
Accel:  +1.20  +0.01  +0.84 || 85       Gyro:  +48.73  -42.98  -27.98 || 85
Accel:  +1.28  -0.02  +0.75 || 90       Gyro:  +40.21  -51.46  -24.01 || 90
Accel:  +1.28  -0.05  +0.64 || 95       Gyro:  +29.18  -43.52  -26.91 || 95
Accel:  +1.24  -0.08  +0.56 || 100      Gyro:  +51.53  -23.02  -26.58 || 100
Accel:  +1.27  -0.01  +0.66 || 105      Gyro:  +63.24  -38.98  -25.90 || 105
Accel:  +1.40  +0.03  +0.62 || 110      Gyro:  +63.82  -54.64  -16.43 || 110
Accel:  +1.37  +0.00  +0.60 || 115      Gyro:  +52.20  -38.11  -15.42 || 115
Accel:  +1.42  +0.03  +0.54 || 120      Gyro:  +39.27  -27.33  -20.51 || 120
Accel:  +1.45  +0.04  +0.54 || 125      Gyro:  +44.60  -23.47   -7.94 || 125
Accel:  +1.42  +0.03  +0.54 || 130      Gyro:  +44.08  -13.54   -7.28 || 130
Accel:  +1.38  +0.01  +0.48 || 135      Gyro:  +39.23  -13.73   -8.89 || 135
Accel:  +1.37  +0.01  +0.47 || 140      Gyro:  +47.67   -7.44   -9.46 || 140
Accel:  +1.37  +0.02  +0.49 || 145      Gyro:  +56.56  -10.08  -14.69 || 145
Accel:  +1.40  +0.11  +0.57 || 150      Gyro:  +57.78  -13.26  -10.87 || 150
Accel:  +1.39  +0.17  +0.64 || 155      Gyro:  +28.92  -20.80   -9.00 || 155
Accel:  +1.42  +0.04  +0.39 || 160      Gyro:  +35.77  -33.14   +0.26 || 160
Accel:  +1.54  +0.09  +0.46 || 165      Gyro:  +44.82  -11.75   +4.05 || 165
Accel:  +1.49  +0.02  +0.35 || 170      Gyro:  +43.82   +1.88  +19.66 || 170
Accel:  +1.37  +0.03  +0.41 || 175      Gyro:  +54.76  +17.02   -2.76 || 175
Accel:  +1.48  +0.12  +0.50 || 180      Gyro:  +50.22   +7.32   +4.19 || 180
Accel:  +1.47  +0.05  +0.45 || 185      Gyro:  +48.50   +2.97  +13.56 || 185
Accel:  +1.51  -0.01  +0.38 || 190      Gyro:  +61.00  +17.40  +24.11 || 190
Accel:  +1.46  +0.06  +0.51 || 195      Gyro:  +57.92  +40.61  +27.71 || 195
Accel:  +1.42  +0.02  +0.56 || 200      Gyro:  +40.92  +45.40  +29.12 || 200
Accel:  +1.40  -0.02  +0.53 || 205      Gyro:  +35.47  +52.08  +28.16 || 205
Accel:  +1.30  -0.02  +0.58 || 210      Gyro:  +41.03  +63.99  +26.35 || 210
Accel:  +1.32  -0.05  +0.60 || 215      Gyro:  +34.86  +64.32  +29.96 || 215
Accel:  +1.23  -0.10  +0.64 || 220      Gyro:  +42.73  +56.95  +29.85 || 220
Accel:  +1.26  -0.09  +0.71 || 225      Gyro:  +47.47  +64.33  +21.31 || 225
Accel:  +1.12  -0.10  +0.72 || 230      Gyro:  +51.24  +47.59  +29.70 || 230
Accel:  +1.02  -0.12  +0.76 || 235      Gyro:  +54.16  +33.89  +26.53 || 235
Accel:  +0.98  -0.09  +0.83 || 240      Gyro:  +48.89  +34.20  +12.56 || 240
Accel:  +1.03  -0.11  +0.83 || 245      Gyro:  +43.41  +11.98  +11.40 || 245
Accel:  +1.01  -0.10  +0.89 || 250      Gyro:  +37.02   +0.57   +4.44 || 250
Accel:  +1.00  -0.13  +0.85 || 255      Gyro:  +30.30   -6.39   -5.07 || 255
Accel:  +1.06  -0.20  +0.75 || 260      Gyro:  +35.26  -21.03  -10.57 || 260
Accel:  +1.12  -0.18  +0.75 || 265      Gyro:  +39.85  -27.02  -16.43 || 265
Accel:  +1.19  -0.17  +0.75 || 270      Gyro:  +43.90  -21.91   -4.98 || 270
Accel:  +1.19  -0.19  +0.74 || 275      Gyro:  +46.51   -7.96   -3.63 || 275
Accel:  +1.23  -0.15  +0.78 || 280      Gyro:  +47.24   -3.22   -0.79 || 280
Accel:  +1.21  -0.16  +0.75 || 285      Gyro:  +46.89   -4.08   +8.21 || 285
Accel:  +1.29  -0.16  +0.74 || 290      Gyro:  +43.64   +6.99  +15.34 || 290
Accel:  +1.41  -0.19  +0.66 || 295      Gyro:  +50.85  +34.92  +49.13 || 295
Accel:  +1.16  -0.21  +0.68 || 300      Gyro:  +70.24 +101.73  +79.48 || 300
Accel:  +0.99  -0.18  +0.85 || 305      Gyro:  +56.48 +127.42  +73.52 || 305
Accel:  +0.81  -0.21  +0.96 || 310      Gyro:  +28.89 +101.42  +27.89 || 310
Accel:  +0.69  -0.29  +0.90 || 315      Gyro:  +24.50  +38.89  +28.23 || 315
Accel:  +0.67  -0.33  +0.86 || 320      Gyro:  +40.65  +17.28  +21.66 || 320
Accel:  +0.71  -0.28  +0.94 || 325      Gyro:  +45.51  +10.04  +11.50 || 325
Accel:  +0.74  -0.24  +0.96 || 330      Gyro:  +39.27   -1.68   +6.80 || 330
Accel:  +0.74  -0.28  +0.91 || 335      Gyro:  +37.16   -1.56   +0.66 || 335
Accel:  +0.68  -0.32  +0.92 || 340      Gyro:  +32.85   -5.56   +4.31 || 340
Accel:  +0.70  -0.32  +0.90 || 345      Gyro:  +36.27   -3.47   +2.02 || 345
Accel:  +0.77  -0.37  +0.87 || 350      Gyro:  +42.82  -24.59   -5.75 || 350
Accel:  +0.81  -0.36  +0.89 || 355      Gyro:  +41.11  -11.84   +8.62 || 355
Accel:  +0.84  -0.37  +0.87 || 360      Gyro:  +39.66   -7.65   +9.26 || 360
Accel:  +0.83  -0.37  +0.84 || 365      Gyro:  +40.38   -1.70  +16.73 || 365
Accel:  +0.81  -0.39  +0.84 || 370      Gyro:  +51.60   +1.20   +7.20 || 370
Accel:  +0.81  -0.35  +0.92 || 375      Gyro:  +49.68   -3.44   +5.69 || 375
Accel:  +0.76  -0.37  +0.89 || 380      Gyro:  +46.55   -2.85   +6.68 || 380
Accel:  +0.75  -0.38  +0.88 || 385      Gyro:  +43.51   +2.27   +5.84 || 385
Accel:  +0.71  -0.33  +0.94 || 390      Gyro:  +45.78   +8.36   +6.57 || 390
Accel:  +0.69  -0.36  +0.87 || 395      Gyro:  +41.79   +0.91   -9.20 || 395