Accel:  +0.41  -0.50  +0.67 || 0        Gyro:  +68.86  -91.36  -29.28 || 0
Accel:  +0.48  -0.34  +0.86 || 5        Gyro:  +85.44 -131.76  -39.91 || 5
Accel:  +0.83  -0.37  +0.90 || 10       Gyro:  +68.98 -173.44  -35.47 || 10
Accel:  +0.91  -0.33  +0.73 || 15       Gyro:  +65.83 -132.09  -49.34 || 15
Accel:  +1.08  -0.31  +0.77 || 20       Gyro:  +72.98 -112.94  -49.39 || 20
Accel:  +1.20  -0.28  +0.72 || 25       Gyro:  +66.06  -96.56  -43.35 || 25
Accel:  +1.30  -0.27  +0.70 || 30       Gyro:  +59.98  -67.80  -24.51 || 30
Accel:  +1.19  -0.18  +0.62 || 35       Gyro:  +35.76  -61.37  -78.76 || 35
Accel:  +1.24  -0.20  +0.54 || 40       Gyro:  +62.66  -43.51  -69.57 || 40
Accel:  +1.41  -0.07  +0.68 || 45       Gyro:  +91.85  -39.18  -58.86 || 45
Accel:  +1.31  -0.06  +0.64 || 50       Gyro:  +76.36  -79.18  -35.57 || 50
Accel:  +1.40  -0.03  +0.55 || 55       Gyro:  +80.02  -46.04  -37.53 || 55
Accel:  +1.44  -0.01  +0.46 || 60       Gyro:  +74.00  -57.76  -13.60 || 60
Accel:  +1.42  +0.02  +0.47 || 65       Gyro:  +65.03  -33.28  -22.19 || 65
Accel:  +1.46  +0.08  +0.48 || 70       Gyro:  +56.83  -31.04  -22.29 || 70
Accel:  +1.47  +0.08  +0.44 || 75       Gyro:  +44.82  -35.73   -9.12 || 75
Accel:  +1.44  +0.06  +0.41 || 80       Gyro:  +41.32  -33.98  -16.60 || 80
Accel:  +1.53  +0.08  +0.28 || 85       Gyro:  +51.79  -31.26   -4.98 || 85
Accel:  +1.43  +0.05  +0.27 || 90       Gyro:  +60.10   -9.81   -8.34 || 90
Accel:  +1.52  +0.13  +0.38 || 95       Gyro:  +54.38   -7.81  -12.24 || 95
Accel:  +1.43  +0.09  +0.31 || 100      Gyro:  +51.36  -23.92  -11.14 || 100
Accel:  +1.52  +0.10  +0.28 || 105      Gyro:  +55.21  -20.73   -7.87 || 105
Accel:  +1.49  +0.09  +0.28 || 110      Gyro:  +53.03  -17.97   -8.94 || 110
Accel:  +1.54  +0.14  +0.31 || 115      Gyro:  +54.31   -7.15  -12.07 || 115
Accel:  +1.49  +0.16  +0.25 || 120      Gyro:  +47.15   -9.55   -6.12 || 120
Accel:  +1.50  +0.15  +0.24 || 125      Gyro:  +51.02  -10.29   -1.94 || 125
Accel:  +1.53  +0.17  +0.26 || 130      Gyro:  +46.50   -4.23   +1.61 || 130
Accel:  +1.53  +0.16  +0.25 || 135      Gyro:  +41.63   -1.72   +8.43 || 135
Accel:  +1.49  +0.12  +0.23 || 140      Gyro:  +40.67   -0.83   +3.49 || 140
Accel:  +1.53  +0.15  +0.28 || 145      Gyro:  +43.87   +1.11   +2.47 || 145
Accel:  +1.48  +0.12  +0.26 || 150      Gyro:  +41.27   -0.13   +3.03 || 150
Accel:  +1.51  +0.12  +0.25 || 155      Gyro:  +46.50   +1.33   -0.10 || 155
Accel:  +1.54  +0.16  +0.25 || 160      Gyro:  +42.10   +3.35   +5.67 || 160
Accel:  +1.54  +0.13  +0.24 || 165      Gyro:  +37.00  +12.10   +7.72 || 165
Accel:  +1.67  +0.19  +0.25 || 170      Gyro:  +27.89  +27.93  +21.24 || 170
Accel:  +1.70  +0.13  +0.18 || 175      Gyro:  +15.66  +69.20  +47.55 || 175
Accel:  +1.88  +0.16  +0.17 || 180      Gyro:   +0.72 +155.79  +66.54 || 180
Accel:  +1.39  -0.05  +0.38 || 185      Gyro:  +11.16 +238.72 +104.64 || 185
Accel:  +1.20  -0.15  +0.42 || 190      Gyro:   +4.21 +250.13 +113.89 || 190
Accel:  +0.76  -0.28  +0.66 || 195      Gyro:  +64.21 +250.13 +102.62 || 195
Accel:  +0.57  -0.16  +0.84 || 200      Gyro:  +89.69 +207.60  +81.79 || 200
Accel:  +0.37  -0.12  +0.98 || 205      Gyro:  +91.14 +124.62  +59.23 || 205
Accel:  +0.30  -0.19  +0.94 || 210      Gyro:  +29.35  +66.41  +12.21 || 210
Accel:  +0.20  -0.17  +0.92 || 215      Gyro:  -13.50  +26.66  -16.60 || 215
Accel:  +0.31  -0.22  +0.90 || 220      Gyro:   +1.17  +32.06  -22.82 || 220
Accel:  +0.46  -0.30  +0.88 || 225      Gyro:  +41.34   +5.75  -15.53 || 225
Accel:  +0.50  -0.29  +0.95 || 230      Gyro:  +54.40   -3.27   -5.18 || 230
Accel:  +0.41  -0.29  +0.94 || 235      Gyro:  +60.83   +5.77   +2.01 || 235
Accel:  +0.41  -0.27  +0.90 || 240      Gyro:  +55.68   +0.10  +16.48 || 240
Accel:  +0.35  -0.23  +0.96 || 245      Gyro:  +51.37   +3.67   +4.25 || 245
Accel:  +0.47  -0.28  +0.92 || 250      Gyro:  +50.93  -13.59   +5.88 || 250
Accel:  +0.47  -0.25  +0.94 || 255      Gyro:  +47.68   -4.99   +4.17 || 255
Accel:  +0.49  -0.26  +0.97 || 260      Gyro:  +43.88  -17.93  +20.52 || 260
Accel:  +0.43  -0.27  +0.93 || 265      Gyro:  +48.19  -58.50  +21.70 || 265
Accel:  +0.46  -0.29  +0.89 || 270      Gyro:  +56.82  -21.63   +7.69 || 270
Accel:  +0.52  -0.24  +0.96 || 275      Gyro:  +52.87  -12.97   +2.57 || 275
Accel:  +0.52  -0.25  +0.96 || 280      Gyro:  +48.31  -11.12   -0.15 || 280
Accel:  +0.51  -0.26  +0.94 || 285      Gyro:  +41.73   -8.42   +3.60 || 285
Accel:  +0.51  -0.28  +0.91 || 290      Gyro:  +48.45   -1.55   -4.73 || 290
Accel:  +0.56  -0.27  +0.94 || 295      Gyro:  +47.50   -5.81   +5.65 || 295
Accel:  +0.53  -0.23  +0.97 || 300      Gyro:  +47.39   +3.23   -2.54 || 300
Accel:  +0.53  -0.30  +0.88 || 305      Gyro:  +53.47   -7.99   +0.40 || 305
Accel:  +0.49  -0.24  +0.98 || 310      Gyro:  +53.27  -10.49   -8.04 || 310
Accel:  +0.58  -0.23  +0.93 || 315      Gyro:  +48.98  -25.61   -9.31 || 315
Accel:  +0.63  -0.25  +0.93 || 320      Gyro:  +49.80  -21.27   -9.49 || 320
Accel:  +0.63  -0.24  +0.96 || 325      Gyro:  +44.06  -16.80   -9.64 || 325
Accel:  +0.62  -0.27  +0.93 || 330      Gyro:  +43.34   -8.01   -5.59 || 330
Accel:  +0.62  -0.27  +0.92 || 335      Gyro:  +48.27   -8.49   -3.89 || 335
Accel:  +0.64  -0.24  +0.93 || 340      Gyro:  +50.77   -7.60   +0.07 || 340
Accel:  +0.61  -0.25  +0.94 || 345      Gyro:  +46.60   -6.61   -6.11 || 345
Accel:  +0.66  -0.26  +0.93 || 350      Gyro:  +46.14   -3.82   -0.56 || 350
Accel:  +0.61  -0.24  +0.94 || 355      Gyro:  +47.65   +1.89   -4.19 || 355
Accel:  +0.64  -0.25  +0.95 || 360      Gyro:  +45.87   -5.17   -0.76 || 360
Accel:  +0.64  -0.27  +0.93 || 365      Gyro:  +46.98   -1.89   +1.87 || 365
Accel:  +0.67  -0.25  +0.94 || 370      Gyro:  +47.55   -2.69   +3.31 || 370
Accel:  +0.62  -0.27  +0.93 || 375      Gyro:  +48.26   -0.08   -1.67 || 375
Accel:  +0.66  -0.25  +0.93 || 380      Gyro:  +49.32   -3.41   -0.27 || 380
Accel:  +0.65  -0.24  +0.94 || 385      Gyro:  +46.66   -0.13   -1.98 || 385
Accel:  +0.66  -0.27  +0.92 || 390      Gyro:  +46.69   -1.53   -2.19 || 390
Accel:  +0.65  -0.25  +0.94 || 395      Gyro:  +46.95   +1.31   -2.49 || 395