Accel:  +0.43  +0.15  +0.93 || 0        Gyro:  +39.95   +6.76   -7.03 || 0
Accel:  +0.44  +0.08  +0.86 || 5        Gyro:  +42.50   +6.16   +7.77 || 5
Accel:  +0.27  +0.20  +1.00 || 10       Gyro:  +47.89  +17.61   +7.31 || 10
Accel:  +0.34  +0.08  +0.85 || 15       Gyro:  +41.62   +9.73   +3.15 || 15
Accel:  +0.28  +0.09  +0.88 || 20       Gyro:  +52.19   +3.50   +2.93 || 20
Accel:  +0.39  +0.18  +0.93 || 25       Gyro:  +51.30   +0.25   -5.57 || 25
Accel:  +0.39  +0.17  +0.91 || 30       Gyro:  +50.82   +1.03   -1.26 || 30
Accel:  +0.37  +0.13  +0.91 || 35       Gyro:  +52.07   +8.20   +2.80 || 35
Accel:  +0.26  +0.12  +0.92 || 40       Gyro:  +49.19   +9.91   +0.95 || 40
Accel:  +0.20  +0.15  +0.95 || 45       Gyro:  +42.59   -2.26   +2.53 || 45
Accel:  +0.24  +0.16  +0.91 || 50       Gyro:  +45.55  -11.60   +4.08 || 50
Accel:  +0.42  +0.10  +0.89 || 55       Gyro:  +50.02  -29.84  +10.65 || 55
Accel:  +0.20  +0.29  +1.27 || 60       Gyro: +108.06 -160.83  +41.60 || 60
Accel:  +0.58  +0.22  +0.90 || 65       Gyro:  +25.01  -41.76  +21.07 || 65
Accel:  +0.55  +0.15  +0.94 || 70       Gyro:  +13.00   +6.85   -9.81 || 70
Accel:  +0.42  +0.17  +0.98 || 75       Gyro:  +30.20   -8.85   -1.18 || 75
Accel:  +0.48  +0.17  +0.99 || 80       Gyro:  +29.57  -21.69   -4.24 || 80
Accel:  +0.57  +0.10  +0.92 || 85       Gyro:  +39.87  -33.24   +5.46 || 85
Accel:  +0.53  +0.12  +1.00 || 90       Gyro:  +33.36  -40.63   -5.05 || 90
Accel:  +0.63  +0.02  +0.83 || 95       Gyro:  +46.67  -50.58   +3.40 || 95
Accel:  +0.62  +0.06  +0.89 || 100      Gyro:  +67.45  -73.56   +7.50 || 100
Accel:  +0.73  +0.11  +0.94 || 105      Gyro:  +57.80  -81.21   +7.54 || 105
Accel:  +0.91  +0.14  +0.87 || 110      Gyro:  +78.11  -82.31  +15.18 || 110
Accel:  +0.96  +0.18  +0.87 || 115      Gyro:  +50.82  -67.85  +17.27 || 115
Accel:  +1.05  +0.15  +0.84 || 120      Gyro:  +46.53  -50.60  +13.43 || 120
Accel:  +0.93  +0.11  +0.87 || 125      Gyro:  +46.18  -18.92   +6.76 || 125
Accel:  +0.90  +0.07  +0.77 || 130      Gyro:  +59.05  -87.80  +11.10 || 130
Accel:  +1.03  +0.09  +0.75 || 135      Gyro:  +66.53  -89.52  +22.31 || 135
Accel:  +0.92  +0.16  +0.79 || 140      Gyro:  +68.05 -141.18  +23.39 || 140
Accel:  +1.25  +0.05  +0.50 || 145      Gyro:  +76.29 -142.15  +26.73 || 145
Accel:  +1.31  +0.20  +0.62 || 150      Gyro:  +57.52 -127.72  +12.65 || 150
Accel:  +1.45  +0.18  +0.51 || 155      Gyro:  +49.07 -135.45  +13.14 || 155
Accel:  +1.59  +0.08  +0.29 || 160      Gyro:  +38.29 -135.05  +20.47 || 160
Accel:  +1.35  +0.15  +0.42 || 165      Gyro:  +18.89 -124.84   -5.80 || 165
Accel:  +1.47  +0.04  +0.07 || 170      Gyro:  +25.22 -133.98  +18.07 || 170
Accel:  +1.59  +0.07  -0.06 || 175      Gyro:  +58.90 -106.67   -3.60 || 175
Accel:  +1.71  +0.11  -0.06 || 180      Gyro:  +39.36  -77.24   +3.75 || 180
Accel:  +1.47  +0.08  -0.09 || 185      Gyro:  +41.84  -74.09   +1.70 || 185
Accel:  +1.60  +0.06  -0.20 || 190      Gyro:  +37.98  -42.76   +0.23 || 190
Accel:  +1.53  +0.03  -0.28 || 195      Gyro:  +66.79  -63.76   +2.07 || 195
Accel:  +1.69  +0.07  -0.37 || 200      Gyro:  +92.78  -73.67  -18.21 || 200
Accel:  +1.64  +0.02  -0.36 || 205      Gyro:  +72.53  -27.90   -5.45 || 205
Accel:  +1.49  +0.03  -0.41 || 210      Gyro:  +42.47  -12.40   +5.83 || 210
Accel:  +1.57  +0.07  -0.36 || 215      Gyro:  +28.36  +11.31   +3.28 || 215
Accel:  +1.49  +0.02  -0.39 || 220      Gyro:  +50.81   +0.02   +9.51 || 220
Accel:  +1.51  +0.03  -0.35 || 225      Gyro:  +40.98  +11.65   -0.73 || 225
Accel:  +1.56  +0.14  -0.23 || 230      Gyro:  +45.32  +10.18   -0.47 || 230
Accel:  +1.50  -0.01  -0.38 || 235      Gyro:  +47.37  +11.74   +8.40 || 235
Accel:  +1.64  +0.10  -0.24 || 240      Gyro:  +43.11   +4.04   +6.25 || 240
Accel:  +1.46  +0.06  -0.29 || 245      Gyro:  +44.53   +8.06  +12.07 || 245
Accel:  +1.49  +0.07  -0.25 || 250      Gyro:  +44.34  +27.36   +4.69 || 250
Accel:  +1.56  +0.03  -0.26 || 255      Gyro:  +42.24  +30.75   +2.19 || 255
Accel:  +1.63  +0.06  -0.23 || 260      Gyro:  +41.38  +57.25   -6.19 || 260
Accel:  +1.50  +0.02  -0.19 || 265      Gyro:  +51.13  +46.59   -1.48 || 265
Accel:  +1.56  +0.03  -0.18 || 270      Gyro:  +48.38  +51.18   +1.40 || 270
Accel:  +1.62  +0.14  +0.00 || 275      Gyro:  +46.67  +60.60   -3.34 || 275
Accel:  +1.52  +0.02  -0.07 || 280      Gyro:  +48.95  +44.14   +6.26 || 280
Accel:  +1.54  +0.09  +0.07 || 285      Gyro:  +46.32  +48.71   -0.69 || 285
Accel:  +1.58  +0.08  +0.08 || 290      Gyro:  +41.15  +51.95   +2.71 || 290
Accel:  +1.66  +0.15  +0.18 || 295      Gyro:  +24.39 +109.79   -9.86 || 295
Accel:  +1.52  +0.03  +0.16 || 300      Gyro:  +36.83  +96.92   +0.40 || 300
Accel:  +1.38  +0.08  +0.37 || 305      Gyro:  +30.16  +88.96   -5.56 || 305
Accel:  +1.41  +0.01  +0.33 || 310      Gyro:  +43.79  +78.69   -2.76 || 310
Accel:  +1.49  +0.07  +0.43 || 315      Gyro:  +33.97  +73.54   -2.08 || 315
Accel:  +1.46  +0.04  +0.44 || 320      Gyro:  +41.47  +70.43   +1.35 || 320
Accel:  +1.38  +0.09  +0.55 || 325      Gyro:  +31.73  +77.71   -2.10 || 325
Accel:  +1.36  +0.08  +0.61 || 330      Gyro:  +34.08  +94.02   -2.41 || 330
Accel:  +1.27  +0.07  +0.66 || 335      Gyro:  +36.11  +89.35   -3.39 || 335
Accel:  +1.28  +0.05  +0.69 || 340      Gyro:  +43.13  +85.35   -2.47 || 340
Accel:  +1.03  -0.08  +0.70 || 345      Gyro:  +37.88  +84.53   +2.37 || 345
Accel:  +1.10  -0.06  +0.71 || 350      Gyro:  +45.01  +63.40   -3.48 || 350
Accel:  +1.15  +0.03  +0.83 || 355      Gyro:  +42.38  +81.37   -4.87 || 355
Accel:  +0.94  +0.05  +0.88 || 360      Gyro:  +42.78 +101.98   -3.09 || 360
Accel:  +0.81  +0.04  +0.96 || 365      Gyro:  +55.54  +73.61   -8.06 || 365
Accel:  +0.81  -0.01  +0.88 || 370      Gyro:  +40.27  +87.51   -4.60 || 370
Accel:  +0.71  -0.00  +0.94 || 375      Gyro:  +50.58  +40.82   -1.60 || 375
Accel:  +0.90  +0.04  +0.94 || 380      Gyro:  +35.36  +78.25  -12.60 || 380
Accel:  +0.61  +0.00  +0.93 || 385      Gyro:  +45.01  +45.92   -4.86 || 385
Accel:  +0.65  -0.02  +0.99 || 390      Gyro:  +38.76  +42.98  -16.13 || 390
Accel:  +0.52  -0.02  +0.99 || 395      Gyro:  +41.33  +25.92   -2.57 || 395