Accel:  +1.49  +0.38  +0.24 || 0        Gyro:  +35.77  +44.69  +32.85 || 0
Accel:  +1.61  +0.42  +0.29 || 5        Gyro:  +24.84  +74.56  +51.57 || 5
Accel:  +1.28  +0.89  -0.53 || 10       Gyro:  -29.83   +9.59  +40.34 || 10
Accel:  +1.44  +0.31  +0.41 || 15       Gyro:   -1.08  +51.16  +46.02 || 15
Accel:  +1.38  +0.24  +0.47 || 20       Gyro:  +21.69  +25.96  +69.55 || 20
Accel:  +1.38  +0.16  +0.38 || 25       Gyro:  +14.14  +26.69  +39.50 || 25
Accel:  +1.48  +0.14  +0.49 || 30       Gyro:   +7.31  +18.03  +34.32 || 30
Accel:  +1.34  +0.06  +0.39 || 35       Gyro:  +22.57   +2.66  +29.58 || 35
Accel:  +1.52  -0.00  +0.34 || 40       Gyro:  +64.73  +26.40  +34.68 || 40
Accel:  +1.17  -0.01  +0.47 || 45       Gyro:  +53.63  +71.46  +65.37 || 45
Accel:  +1.36  +0.05  +0.58 || 50       Gyro:  +57.11   -5.71  +59.99 || 50
Accel:  +1.26  +0.01  +0.58 || 55       Gyro:  +54.96  +33.63  -19.42 || 55
Accel:  +1.36  +0.06  +0.62 || 60       Gyro:  +45.66  +20.27  -42.53 || 60
Accel:  +1.06  -0.00  +0.62 || 65       Gyro:  +23.21  -12.21  +29.80 || 65
Accel:  +1.46  -0.02  +0.54 || 70       Gyro:   -3.85  -20.08  -12.39 || 70
Accel:  +1.50  +0.03  +0.51 || 75       Gyro:  +39.63  +23.83  -10.21 || 75
Accel:  +1.38  +0.15  +0.66 || 80       Gyro:  +10.65  +63.38  -22.31 || 80
Accel:  +1.29  +0.02  +0.62 || 85       Gyro:  +71.34  +57.85  -62.11 || 85
Accel:  +1.23  +0.04  +0.59 || 90       Gyro:  +78.56  -58.31   +9.58 || 90
Accel:  +1.37  +0.09  +0.91 || 95       Gyro:  +21.81   -8.92   +4.11 || 95
Accel:  +1.25  +0.10  +0.75 || 100      Gyro:   -9.70  -26.47   +0.34 || 100
Accel:  +1.19  +0.08  +0.69 || 105      Gyro:   -1.45 -123.73   +9.31 || 105
Accel:  +1.26  -0.05  +0.47 || 110      Gyro:   -0.98 -171.95  +24.88 || 110
Accel:  +1.36  -0.09  +0.23 || 115      Gyro:  +20.39 -241.39  +29.02 || 115
Accel:  +1.59  -0.12  -0.02 || 120      Gyro:  +24.53 -208.81  +21.73 || 120
Accel:  +1.63  -0.15  -0.19 || 125      Gyro:  +35.14 -149.52   +9.73 || 125
Accel:  +1.57  -0.13  -0.26 || 130      Gyro:  +37.03 -110.58   +0.92 || 130
Accel:  +1.54  -0.12  -0.28 || 135      Gyro:  +49.47  -77.31   -8.23 || 135
Accel:  +1.54  -0.09  -0.30 || 140      Gyro:  +54.19  -49.67  -11.61 || 140
Accel:  +1.49  -0.09  -0.34 || 145      Gyro:  +57.49  -43.88  -11.04 || 145
Accel:  +1.51  -0.09  -0.40 || 150      Gyro:  +60.31  -29.57  -10.94 || 150
Accel:  +1.49  -0.08  -0.39 || 155      Gyro:  +60.53  -12.11  -10.25 || 155
Accel:  +1.51  -0.05  -0.34 || 160      Gyro:  +54.69   -5.71   -6.56 || 160
Accel:  +1.49  -0.07  -0.37 || 165      Gyro:  +47.36   +4.59   -3.76 || 165
Accel:  +1.46  -0.06  -0.37 || 170      Gyro:  +53.60   -9.06   +0.27 || 170
Accel:  +1.48  -0.07  -0.39 || 175      Gyro:  +52.71  -12.27   -1.68 || 175
Accel:  +1.49  -0.06  -0.39 || 180      Gyro:  +45.73   +1.24   +0.44 || 180
Accel:  +1.44  -0.09  -0.40 || 185      Gyro:  +49.79   -5.76   -5.73 || 185
Accel:  +1.49  -0.06  -0.44 || 190      Gyro:  +47.70   -4.97   -8.13 || 190
Accel:  +1.50  -0.02  -0.40 || 195      Gyro:  +52.62  -10.66   -6.07 || 195
Accel:  +1.48  -0.04  -0.41 || 200      Gyro:  +49.52   -8.94   -1.83 || 200
Accel:  +1.48  -0.04  -0.42 || 205      Gyro:  +51.71  -15.37   -6.60 || 205
Accel:  +1.46  -0.05  -0.49 || 210      Gyro:  +49.14  -13.95  -10.59 || 210
Accel:  +1.47  -0.01  -0.44 || 215      Gyro:  +52.28  -17.75  -12.45 || 215
Accel:  +1.46  -0.02  -0.45 || 220      Gyro:  +49.71  -17.04   -6.50 || 220
Accel:  +1.44  -0.01  -0.46 || 225      Gyro:  +49.04  -13.78   -4.18 || 225
Accel:  +1.45  -0.02  -0.52 || 230      Gyro:  +51.13  -11.30   -6.24 || 230
Accel:  +1.47  -0.00  -0.50 || 235      Gyro:  +46.65   -3.13   -2.26 || 235
Accel:  +1.46  +0.01  -0.48 || 240      Gyro:  +45.78   -3.96   +1.63 || 240
Accel:  +1.46  -0.01  -0.52 || 245      Gyro:  +43.32   -1.14   -1.53 || 245
Accel:  +1.43  -0.02  -0.50 || 250      Gyro:  +45.56   +1.88   +0.59 || 250
Accel:  +1.44  +0.00  -0.49 || 255      Gyro:  +49.08   +3.03   +2.50 || 255
Accel:  +1.46  -0.00  -0.50 || 260      Gyro:  +48.13   +2.24   -0.69 || 260
Accel:  +1.44  -0.00  -0.48 || 265      Gyro:  +47.01   +4.39   +1.40 || 265
Accel:  +1.46  -0.00  -0.50 || 270      Gyro:  +48.37   +0.24   +1.59 || 270
Accel:  +1.41  -0.01  -0.51 || 275      Gyro:  +47.79   +1.38   +0.21 || 275
Accel:  +1.45  +0.00  -0.48 || 280      Gyro:  +47.84   +3.56   +3.21 || 280
Accel:  +1.43  -0.01  -0.48 || 285      Gyro:  +48.29   +1.15   +1.43 || 285
Accel:  +1.47  +0.01  -0.49 || 290      Gyro:  +47.30   +0.11   +0.66 || 290
Accel:  +1.44  -0.00  -0.49 || 295      Gyro:  +47.49   +0.89   +1.22 || 295
Accel:  +1.45  +0.00  -0.46 || 300      Gyro:  +47.74   -3.20   +0.76 || 300
Accel:  +1.43  -0.03  -0.51 || 305      Gyro:  +51.19   -0.83   -0.78 || 305
Accel:  +1.45  -0.01  -0.50 || 310      Gyro:  +51.50   -0.62   +0.10 || 310
Accel:  +1.44  -0.01  -0.49 || 315      Gyro:  +59.76   -3.60   -1.23 || 315
Accel:  +1.46  +0.01  -0.51 || 320      Gyro:  +48.49   +5.48   -0.79 || 320
Accel:  +1.43  -0.01  -0.44 || 325      Gyro:  +48.31   -3.77   -0.02 || 325
Accel:  +1.45  -0.02  -0.50 || 330      Gyro:  +46.76   -0.15   +1.37 || 330
Accel:  +1.47  +0.00  -0.49 || 335      Gyro:  +49.31   +0.23   -0.82 || 335
Accel:  +1.44  -0.01  -0.49 || 340      Gyro:  +51.39   +2.08   -2.15 || 340
Accel:  +1.46  +0.00  -0.48 || 345      Gyro:  +49.99   +0.74   +0.22 || 345
Accel:  +1.46  +0.01  -0.49 || 350      Gyro:  +46.70   +2.73   +2.49 || 350
Accel:  +1.43  -0.02  -0.48 || 355      Gyro:  +45.30   +1.43   -0.38 || 355
Accel:  +1.44  -0.02  -0.48 || 360      Gyro:  +47.77   -1.95   +0.33 || 360
Accel:  +1.45  +0.01  -0.47 || 365      Gyro:  +47.02   -1.08   +0.05 || 365
Accel:  +1.45  -0.00  -0.48 || 370      Gyro:  +47.86   -6.01   +0.22 || 370
Accel:  +1.43  -0.02  -0.50 || 375      Gyro:  +51.64   -4.67   -1.34 || 375
Accel:  +1.45  +0.00  -0.47 || 380      Gyro:  +47.90   -2.31   -0.38 || 380
Accel:  +1.44  -0.01  -0.49 || 385      Gyro:  +49.79   -3.24   -1.04 || 385
Accel:  +1.44  -0.00  -0.51 || 390      Gyro:  +47.99   -1.73   -1.02 || 390
Accel:  +1.43  -0.01  -0.50 || 395      Gyro:  +49.02   -2.87   -0.13 || 395