Accel:  +0.56  -0.26  +0.86 || 0        Gyro:  +50.71  +17.08   +3.13 || 0
Accel:  +0.58  -0.24  +0.95 || 5        Gyro:  +40.43  +27.56   +8.94 || 5
Accel:  +0.43  -0.28  +0.93 || 10       Gyro:  +36.60  +21.03   -0.02 || 10
Accel:  +0.44  -0.27  +1.00 || 15       Gyro:  +32.77  +13.98   -0.71 || 15
Accel:  +0.29  -0.31  +0.88 || 20       Gyro:  +50.89   +4.24   +4.11 || 20
Accel:  +0.42  -0.23  +1.08 || 25       Gyro:  +44.69  -32.22   -1.40 || 25
Accel:  +0.45  -0.31  +0.86 || 30       Gyro:  +41.23  -26.11   -4.74 || 30
Accel:  +0.41  -0.32  +0.92 || 35       Gyro:  +47.27  -30.64  -10.11 || 35
Accel:  +0.60  -0.30  +0.87 || 40       Gyro:  +50.40  -19.17   -8.82 || 40
Accel:  +0.61  -0.25  +0.98 || 45       Gyro:  +53.72  -26.58   +3.47 || 45
Accel:  +0.59  -0.26  +0.94 || 50       Gyro:  +39.61  -24.84   +0.86 || 50
Accel:  +0.57  -0.32  +0.84 || 55       Gyro:  +49.26  -28.31   -8.76 || 55
Accel:  +0.65  -0.32  +0.76 || 60       Gyro:  +45.33  -52.88   -7.82 || 60
Accel:  +0.55  -0.27  +0.95 || 65       Gyro:  +44.55 -117.85  -21.75 || 65
Accel:  +0.72  -0.28  +0.98 || 70       Gyro:  +33.31  -81.28  -25.49 || 70
Accel:  +0.74  -0.28  +0.90 || 75       Gyro:  +40.79 -108.50  -30.94 || 75
Accel:  +0.84  -0.24  +0.96 || 80       Gyro:  -20.85 -125.40  -21.61 || 80
Accel:  +0.68  -0.40  +0.41 || 85       Gyro:  +54.28 -185.52  -48.31 || 85
Accel:  +1.25  -0.22  +0.41 || 90       Gyro:  +54.54 -241.21 -103.82 || 90
Accel:  +1.42  -0.15  +0.34 || 95       Gyro:  +67.72 -228.67  -83.95 || 95
Accel:  +1.30  -0.08  +0.21 || 100      Gyro:  +58.53 -250.14 -118.73 || 100
Accel:  +1.43  +0.10  -0.06 || 105      Gyro:  +27.86 -250.14 -137.73 || 105
Accel:  +1.70  +0.13  -0.20 || 110      Gyro:  +44.55 -187.18 -113.16 || 110
Accel:  +1.39  +0.17  -0.46 || 115      Gyro:  +71.97 -164.66 -108.95 || 115
Accel:  +1.56  +0.30  -0.52 || 120      Gyro:  +38.05  -93.25  -84.80 || 120
Accel:  +1.76  +0.39  -0.61 || 125      Gyro:  +46.92  +15.18  -22.22 || 125
Accel:  +1.16  +0.33  -0.56 || 130      Gyro:  +51.60  -12.76   +3.93 || 130
Accel:  +1.46  +0.33  -0.50 || 135      Gyro:  +44.80   +4.11   +8.03 || 135
Accel:  +1.32  +0.22  -0.47 || 140      Gyro:  +55.18   -7.62   -0.15 || 140
Accel:  +1.47  +0.32  -0.32 || 145      Gyro:  +46.61   +7.17   +1.04 || 145
Accel:  +1.40  +0.30  -0.53 || 150      Gyro:  +53.14  +14.67   +2.25 || 150
Accel:  +1.41  +0.31  -0.42 || 155      Gyro:  +48.57   +8.73   +4.31 || 155
Accel:  +1.49  +0.30  -0.45 || 160      Gyro:  +50.34   +9.51   +4.47 || 160
Accel:  +1.52  +0.30  -0.48 || 165      Gyro:  +56.56  +19.79   +9.19 || 165
Accel:  +1.66  +0.35  -0.45 || 170      Gyro:  +41.63  +59.11  +32.80 || 170
Accel:  +1.73  +0.33  -0.41 || 175      Gyro:  +32.05 +110.65  +64.15 || 175
Accel:  +1.77  +0.25  -0.41 || 180      Gyro:  +19.14 +176.71  +77.20 || 180
Accel:  +1.41  +0.09  -0.24 || 185      Gyro:  +51.37 +205.98  +86.24 || 185
Accel:  +1.47  +0.03  -0.01 || 190      Gyro: +146.43 +203.45  +85.77 || 190
Accel:  +1.03  +0.05  +0.62 || 195      Gyro:  +62.85  +92.49  +59.86 || 195
Accel:  +1.65  -0.02  +0.22 || 200      Gyro:  +59.92 +151.95  +61.13 || 200
Accel:  +1.24  -0.08  +0.37 || 205      Gyro:  +53.62 +143.73  +39.83 || 205
Accel:  +1.33  -0.09  +0.47 || 210      Gyro:  +45.57 +209.56  +36.59 || 210
Accel:  +1.01  -0.06  +0.74 || 215      Gyro:  +65.05 +184.02  +32.16 || 215
Accel:  +1.14  -0.09  +0.77 || 220      Gyro:  -11.93 +139.91  +16.39 || 220
Accel:  +0.79  -0.19  +0.74 || 225      Gyro:  +21.21 +173.43  +35.54 || 225
Accel:  +0.66  -0.27  +0.63 || 230      Gyro:  +39.15 +114.05  +20.32 || 230
Accel:  +0.29  -0.24  +0.98 || 235      Gyro:  +49.27  +71.44   +2.08 || 235
Accel:  +0.46  -0.21  +0.89 || 240      Gyro:  +84.41  +68.16   +3.91 || 240
Accel:  +0.62  -0.15  +1.00 || 245      Gyro:  +37.95  -10.82  -14.60 || 245
Accel:  +0.65  -0.18  +0.99 || 250      Gyro:  +40.25  -14.53   -3.21 || 250
Accel:  +0.65  -0.17  +0.98 || 255      Gyro:  +26.78  -28.57  -12.43 || 255
Accel:  +0.68  -0.21  +0.96 || 260      Gyro:  +49.30  +22.11   +7.99 || 260
Accel:  +0.61  -0.24  +0.94 || 265      Gyro:  +48.37   +8.26   +6.19 || 265
Accel:  +0.65  -0.21  +0.88 || 270      Gyro:  +49.41   +4.00   -3.50 || 270
Accel:  +0.61  -0.19  +0.96 || 275      Gyro:  +58.60   -9.21   +1.92 || 275
Accel:  +0.65  -0.20  +0.97 || 280      Gyro:  +41.40  +17.63   +2.15 || 280
Accel:  +0.57  -0.21  +0.91 || 285      Gyro:  +54.26   -8.54   +3.66 || 285
Accel:  +0.62  -0.18  +1.01 || 290      Gyro:  +50.22   +3.39   +0.48 || 290
Accel:  +0.68  -0.21  +0.96 || 295      Gyro:  +42.84  -17.89   -0.31 || 295
Accel:  +0.63  -0.23  +0.92 || 300      Gyro:  +35.32   +4.61   -0.87 || 300
Accel:  +0.61  -0.24  +0.91 || 305      Gyro:  +61.88   +6.88   +3.73 || 305
Accel:  +0.63  -0.20  +1.02 || 310      Gyro:  +42.49   +0.00   -4.21 || 310
Accel:  +0.58  -0.20  +0.98 || 315      Gyro:  +58.32   -9.79   +4.30 || 315
Accel:  +0.61  -0.20  +0.96 || 320      Gyro:  +43.02   -5.02   +0.36 || 320
Accel:  +0.62  -0.23  +0.87 || 325      Gyro:  +55.23  +10.39   +4.12 || 325
Accel:  +0.64  -0.18  +1.00 || 330      Gyro:  +53.75   +5.24   -0.13 || 330
Accel:  +0.65  -0.21  +0.94 || 335      Gyro:  +47.69   -8.82   -0.24 || 335
Accel:  +0.60  -0.20  +1.01 || 340      Gyro:  +48.56   -4.89   -1.05 || 340
Accel:  +0.65  -0.20  +0.94 || 345      Gyro:  +39.94  -10.33   -2.38 || 345
Accel:  +0.66  -0.21  +0.95 || 350      Gyro:  +48.69   +4.78   +3.37 || 350
Accel:  +0.69  -0.22  +0.91 || 355      Gyro:  +47.45   +4.71   -0.62 || 355
Accel:  +0.60  -0.20  +1.01 || 360      Gyro:  +51.12   -7.61   +0.36 || 360
Accel:  +0.61  -0.20  +0.96 || 365      Gyro:  +47.72   -4.01   -1.82 || 365
Accel:  +0.63  -0.20  +0.94 || 370      Gyro:  +54.75   +7.18   -0.65 || 370
Accel:  +0.65  -0.20  +0.97 || 375      Gyro:  +53.27   +5.69   +0.26 || 375
Accel:  +0.67  -0.18  +0.96 || 380      Gyro:  +61.55  +17.18   +2.53 || 380
Accel:  +0.67  -0.18  +0.98 || 385      Gyro:  +47.24   -1.66   -3.29 || 385
Accel:  +0.60  -0.21  +0.93 || 390      Gyro:  +45.44   -8.66   -4.00 || 390
Accel:  +0.61  -0.18  +1.05 || 395      Gyro:  +39.55   -8.85   -6.33 || 395