Accel:  +0.48  -0.07  +0.98 || 0        Gyro:  +29.47  -22.24   +5.27 || 0
Accel:  +0.44  -0.08  +0.96 || 5        Gyro:  +18.79  -38.92   -7.29 || 5
Accel:  +0.50  -0.14  +0.89 || 10       Gyro:  +37.26  -50.13   -5.49 || 10
Accel:  +0.56  -0.12  +0.94 || 15       Gyro:  +11.18  -49.89  -19.76 || 15
Accel:  +0.55  -0.25  +0.78 || 20       Gyro:  +35.56  -61.66  -17.93 || 20
Accel:  +0.55  -0.09  +0.99 || 25       Gyro:  +17.62  -74.26  -36.15 || 25
Accel:  +0.89  -0.22  +0.83 || 30       Gyro:  +29.98  -81.43  -20.73 || 30
Accel:  +0.88  -0.14  +0.98 || 35       Gyro:   -8.10 -130.40   -6.63 || 35
Accel:  +0.92  -0.30  +0.70 || 40       Gyro:   -1.46 -106.84  -19.35 || 40
Accel:  +1.15  -0.21  +0.83 || 45       Gyro:   -7.97  -82.60  -34.13 || 45
Accel:  +1.25  -0.32  +0.66 || 50       Gyro:  -16.55 -111.11  -22.05 || 50
Accel:  +1.25  -0.38  +0.56 || 55       Gyro:  +10.73  -82.97  -23.19 || 55
Accel:  +1.50  -0.34  +0.62 || 60       Gyro:  +27.46  -66.41   -8.95 || 60
Accel:  +1.37  -0.37  +0.51 || 65       Gyro:  +30.69  -46.80   -3.45 || 65
Accel:  +1.40  -0.36  +0.47 || 70       Gyro:  +34.27  -31.24   -2.12 || 70
Accel:  +1.38  -0.40  +0.41 || 75       Gyro:  +48.37   -6.05   -0.42 || 75
Accel:  +1.34  -0.35  +0.46 || 80       Gyro:  +50.15   +3.49   -3.98 || 80
Accel:  +1.30  -0.37  +0.42 || 85       Gyro:  +72.11   +0.18   +2.09 || 85
Accel:  +1.29  -0.25  +0.62 || 90       Gyro:  +50.80  -12.44   -3.40 || 90
Accel:  +1.35  -0.35  +0.45 || 95       Gyro:  +44.28  -10.18   -7.40 || 95
Accel:  +1.35  -0.35  +0.48 || 100      Gyro:  +40.95  -10.40   -4.71 || 100
Accel:  +1.42  -0.33  +0.46 || 105      Gyro:  +47.84   +2.33   -4.32 || 105
Accel:  +1.38  -0.32  +0.49 || 110      Gyro:  +42.77   +9.33   -6.40 || 110
Accel:  +1.38  -0.34  +0.47 || 115      Gyro:  +48.34   +3.37   +1.11 || 115
Accel:  +1.36  -0.32  +0.51 || 120      Gyro:  +45.84   +2.60   +3.61 || 120
Accel:  +1.33  -0.36  +0.43 || 125      Gyro:  +51.44   +2.18   +1.42 || 125
Accel:  +1.32  -0.32  +0.50 || 130      Gyro:  +55.89   +6.37   +1.92 || 130
Accel:  +1.31  -0.32  +0.52 || 135      Gyro:  +49.63   +5.73   -3.66 || 135
Accel:  +1.35  -0.33  +0.48 || 140      Gyro:  +51.56   -0.07   +1.17 || 140
Accel:  +1.34  -0.31  +0.51 || 145      Gyro:  +48.06   +4.28   -0.72 || 145
Accel:  +1.33  -0.32  +0.50 || 150      Gyro:  +50.42   -0.45   +1.53 || 150
Accel:  +1.32  -0.32  +0.50 || 155      Gyro:  +47.55   -0.02   +1.34 || 155
Accel:  +1.35  -0.33  +0.50 || 160      Gyro:  +48.08   -1.83   +3.29 || 160
Accel:  +1.38  -0.34  +0.47 || 165      Gyro:  +51.03   +3.35   +6.19 || 165
Accel:  +1.46  -0.33  +0.48 || 170      Gyro:  +56.26  +17.43   +8.55 || 170
Accel:  +1.64  -0.36  +0.47 || 175      Gyro:  +56.87  +61.70  +21.40 || 175
Accel:  +1.55  -0.43  +0.45 || 180      Gyro:  +57.99 +112.95  +38.18 || 180
Accel:  +1.24  -0.46  +0.44 || 185      Gyro: +102.71 +170.98  +57.55 || 185
Accel:  +0.85  -0.31  +0.65 || 190      Gyro: +119.10 +170.19  +53.06 || 190
Accel:  +0.76  -0.20  +0.87 || 195      Gyro:  +95.48 +100.33  +27.63 || 195
Accel:  +0.83  -0.22  +0.90 || 200      Gyro:  +62.50  +32.99  +44.95 || 200
Accel:  +0.74  -0.28  +0.83 || 205      Gyro:  +66.60  +50.41  +35.99 || 205
Accel:  +0.66  -0.21  +0.95 || 210      Gyro:  +69.34  +87.15  +14.97 || 210
Accel:  +0.52  -0.17  +1.00 || 215      Gyro:  +58.47  +64.94  +17.27 || 215
Accel:  +0.47  -0.19  +0.96 || 220      Gyro:  +46.37  +41.98   +0.63 || 220
Accel:  +0.46  -0.23  +0.90 || 225      Gyro:  +50.66  +21.65   +1.18 || 225
Accel:  +0.51  -0.21  +0.97 || 230      Gyro:  +44.16   +8.95   -3.68 || 230
Accel:  +0.56  -0.25  +0.94 || 235      Gyro:  +41.44   -1.65   -5.24 || 235
Accel:  +0.62  -0.29  +0.90 || 240      Gyro:  +44.68   -3.82   -3.27 || 240
Accel:  +0.62  -0.30  +0.89 || 245      Gyro:  +50.07   +5.36   -1.45 || 245
Accel:  +0.59  -0.24  +0.95 || 250      Gyro:  +51.48  +12.56   -0.69 || 250
Accel:  +0.57  -0.27  +0.92 || 255      Gyro:  +51.03   +7.93   -1.09 || 255
Accel:  +0.56  -0.26  +0.94 || 260      Gyro:  +51.72   +4.83   +1.51 || 260
Accel:  +0.55  -0.25  +0.95 || 265      Gyro:  +51.54   +7.56   +0.48 || 265
Accel:  +0.53  -0.25  +0.94 || 270      Gyro:  +47.58   -1.02   -1.44 || 270
Accel:  +0.56  -0.26  +0.93 || 275      Gyro:  +51.04   +1.45   -0.95 || 275
Accel:  +0.55  -0.24  +0.95 || 280      Gyro:  +48.85   +5.18   -2.89 || 280
Accel:  +0.56  -0.26  +0.93 || 285      Gyro:  +47.94   -1.63   +0.72 || 285
Accel:  +0.53  -0.24  +0.93 || 290      Gyro:  +51.50   +3.79   -2.08 || 290
Accel:  +0.54  -0.26  +0.93 || 295      Gyro:  +49.75   -3.21   -1.36 || 295
Accel:  +0.57  -0.27  +0.91 || 300      Gyro:  +52.56   -1.63   -0.87 || 300
Accel:  +0.57  -0.25  +0.94 || 305      Gyro:  +54.47   +0.73   +0.72 || 305
Accel:  +0.55  -0.21  +0.99 || 310      Gyro:  +52.25   +3.18   +2.11 || 310
Accel:  +0.54  -0.24  +0.94 || 315      Gyro:  +52.29   +1.21   +1.31 || 315
Accel:  +0.55  -0.24  +0.95 || 320      Gyro:  +53.22   +1.46   +3.96 || 320
Accel:  +0.52  -0.22  +0.96 || 325      Gyro:  +52.59   +4.18   +1.27 || 325
Accel:  +0.55  -0.23  +0.94 || 330      Gyro:  +50.90   +0.05   +2.31 || 330
Accel:  +0.53  -0.22  +0.95 || 335      Gyro:  +52.11   +3.24   +1.11 || 335
Accel:  +0.53  -0.22  +0.94 || 340      Gyro:  +51.27   +2.59   +0.85 || 340
Accel:  +0.51  -0.21  +0.97 || 345      Gyro:  +50.57   +2.29   -0.85 || 345
Accel:  +0.53  -0.23  +0.95 || 350      Gyro:  +49.02   -1.60   +0.59 || 350
Accel:  +0.53  -0.24  +0.92 || 355      Gyro:  +54.18   -0.10   +0.92 || 355
Accel:  +0.57  -0.19  +0.95 || 360      Gyro:  +59.05   +3.86   +2.85 || 360
Accel:  +0.50  -0.18  +0.95 || 365      Gyro:  +53.04   +4.64   -0.92 || 365
Accel:  +0.51  -0.21  +0.96 || 370      Gyro:  +51.06   +0.37   -1.31 || 370
Accel:  +0.54  -0.18  +0.98 || 375      Gyro:  +48.03   +1.08   +0.02 || 375
Accel:  +0.52  -0.19  +0.97 || 380      Gyro:  +47.49   +0.33   +1.17 || 380
Accel:  +0.52  -0.19  +0.96 || 385      Gyro:  +46.74   +0.63   +1.12 || 385
Accel:  +0.50  -0.19  +0.95 || 390      Gyro:  +46.90   -0.52   +0.63 || 390
Accel:  +0.51  -0.20  +0.92 || 395      Gyro:  +45.89   -2.90   -0.34 || 395