Accel:  +0.48  -0.30  +0.86 || 0        Gyro:  +43.36  -97.82  -26.02 || 0
Accel:  +0.55  -0.32  +0.74 || 5        Gyro:  +89.12 -105.86  -35.08 || 5
Accel:  +0.74  -0.19  +0.93 || 10       Gyro:  +81.16 -170.32   -6.31 || 10
Accel:  +0.95  -0.21  +0.73 || 15       Gyro:  +88.99 -147.45  -24.81 || 15
Accel:  +1.22  -0.06  +0.85 || 20       Gyro:  +64.85 -149.17  -21.68 || 20
Accel:  +1.27  -0.10  +0.52 || 25       Gyro:  +68.05 -150.25  -39.30 || 25
Accel:  +1.35  -0.07  +0.63 || 30       Gyro:  +20.48 -105.90  -47.40 || 30
Accel:  +1.43  -0.06  +0.54 || 35       Gyro:  +36.27  -96.01  -47.23 || 35
Accel:  +1.44  -0.13  +0.33 || 40       Gyro:  +22.50 -115.16  -29.99 || 40
Accel:  +1.53  -0.02  +0.42 || 45       Gyro:  +38.88  -83.71  -42.42 || 45
Accel:  +1.40  -0.14  +0.12 || 50       Gyro:  +64.63  -61.39  -40.99 || 50
Accel:  +1.57  +0.10  +0.39 || 55       Gyro:  +95.75  -23.25  -49.38 || 55
Accel:  +1.46  +0.11  +0.29 || 60       Gyro:  +97.60  -16.02  -42.30 || 60
Accel:  +1.83  +0.32  +0.57 || 65       Gyro:  +49.34  -44.34   -1.52 || 65
Accel:  +1.49  +0.11  +0.18 || 70       Gyro:  +39.11  -40.09   -1.05 || 70
Accel:  +1.55  +0.08  +0.15 || 75       Gyro:  +44.42  -35.71   +5.69 || 75
Accel:  +1.49  +0.02  +0.08 || 80       Gyro:  +64.64  -17.35   -1.53 || 80
Accel:  +1.60  +0.10  +0.17 || 85       Gyro:  +72.55  -12.77   +8.62 || 85
Accel:  +1.52  +0.15  +0.21 || 90       Gyro:  +55.68   +7.58   +0.04 || 90
Accel:  +1.55  +0.14  +0.22 || 95       Gyro:  +51.11   -2.39   +5.42 || 95
Accel:  +1.54  +0.11  +0.17 || 100      Gyro:  +43.24   -1.71   +6.35 || 100
Accel:  +1.54  +0.09  +0.17 || 105      Gyro:  +44.99   -0.73   +4.75 || 105
Accel:  +1.49  +0.07  +0.15 || 110      Gyro:  +48.37   +1.41   +2.52 || 110
Accel:  +1.56  +0.10  +0.21 || 115      Gyro:  +50.59   +2.90   +0.59 || 115
Accel:  +1.51  +0.10  +0.16 || 120      Gyro:  +48.91   +0.27   +1.03 || 120
Accel:  +1.56  +0.13  +0.22 || 125      Gyro:  +42.74   -0.70   -1.37 || 125
Accel:  +1.51  +0.08  +0.16 || 130      Gyro:  +41.20   +1.02   -0.25 || 130
Accel:  +1.55  +0.09  +0.17 || 135      Gyro:  +48.56   -4.34   +6.50 || 135
Accel:  +1.49  +0.08  +0.15 || 140      Gyro:  +45.76   +1.37   -1.65 || 140
Accel:  +1.56  +0.12  +0.20 || 145      Gyro:  +49.14   -2.25   +0.13 || 145
Accel:  +1.53  +0.09  +0.15 || 150      Gyro:  +49.05   +5.01   -2.73 || 150
Accel:  +1.51  +0.10  +0.17 || 155      Gyro:  +44.94   +1.03   +2.93 || 155
Accel:  +1.51  +0.09  +0.19 || 160      Gyro:  +47.26   +1.26   +1.18 || 160
Accel:  +1.54  +0.09  +0.15 || 165      Gyro:  +41.79   -1.56   +3.44 || 165
Accel:  +1.51  +0.08  +0.16 || 170      Gyro:  +52.34   +0.79   -0.63 || 170
Accel:  +1.52  +0.10  +0.21 || 175      Gyro:  +46.88   +5.13   +0.18 || 175
Accel:  +1.51  +0.09  +0.16 || 180      Gyro:  +54.48   -1.78   +1.65 || 180
Accel:  +1.55  +0.12  +0.22 || 185      Gyro:  +46.61   +3.44   +0.06 || 185
Accel:  +1.51  +0.08  +0.16 || 190      Gyro:  +47.31   +5.67   -3.96 || 190
Accel:  +1.51  +0.11  +0.21 || 195      Gyro:  +46.27   -5.61   +0.96 || 195
Accel:  +1.50  +0.10  +0.17 || 200      Gyro:  +47.82   -1.37   -5.51 || 200
Accel:  +1.55  +0.11  +0.18 || 205      Gyro:  +43.65   -4.22   -0.63 || 205
Accel:  +1.52  +0.11  +0.20 || 210      Gyro:  +50.02   +1.06   -1.47 || 210
Accel:  +1.51  +0.11  +0.18 || 215      Gyro:  +50.12   +1.73   +0.24 || 215
Accel:  +1.55  +0.11  +0.19 || 220      Gyro:  +49.24   -0.84   +6.05 || 220
Accel:  +1.54  +0.08  +0.16 || 225      Gyro:  +47.05   +7.90   +6.00 || 225
Accel:  +1.62  +0.11  +0.17 || 230      Gyro:  +44.91   +7.82   +7.84 || 230
Accel:  +1.70  +0.11  +0.18 || 235      Gyro:  +40.11  +21.50  +26.04 || 235
Accel:  +1.94  +0.09  +0.19 || 240      Gyro:  +25.84  +91.39  +42.70 || 240
Accel:  +1.64  +0.06  +0.16 || 245      Gyro:  +16.15 +128.44  +55.73 || 245
Accel:  +1.42  +0.01  +0.33 || 250      Gyro:  +20.78 +150.15  +54.82 || 250
Accel:  +1.49  -0.07  +0.39 || 255      Gyro:  +26.67 +143.51  +61.02 || 255
Accel:  +1.17  -0.16  +0.55 || 260      Gyro:  +32.05 +117.13  +62.64 || 260
Accel:  +0.99  -0.24  +0.59 || 265      Gyro:  +50.82 +153.11  +31.01 || 265
Accel:  +0.89  -0.23  +0.76 || 270      Gyro:  +45.84 +141.08  +22.16 || 270
Accel:  +0.88  -0.20  +0.86 || 275      Gyro:  +68.50  +92.02  +37.34 || 275
Accel:  +0.75  -0.17  +0.92 || 280      Gyro:  +60.56  +79.45  +27.09 || 280
Accel:  +0.69  -0.22  +0.89 || 285      Gyro:  +64.15  +68.24  +16.55 || 285
Accel:  +0.67  -0.24  +0.80 || 290      Gyro:  +76.17  +48.13  +10.11 || 290
Accel:  +0.63  -0.19  +0.81 || 295      Gyro:  +85.09  +32.24  +26.26 || 295
Accel:  +0.62  -0.08  +0.79 || 300      Gyro: +109.67  +87.31  +57.39 || 300
Accel:  +0.62  +0.18  +1.21 || 305      Gyro:  +47.36  +34.78  -17.44 || 305
Accel:  +0.65  +0.04  +1.07 || 310      Gyro:  +17.69  -34.27  +23.79 || 310
Accel:  +0.61  -0.03  +1.06 || 315      Gyro:  -23.88  -36.22  -26.11 || 315
Accel:  +0.62  -0.26  +0.90 || 320      Gyro:   -0.21  -31.08  -15.55 || 320
Accel:  +0.75  -0.29  +0.90 || 325      Gyro:  +26.33  -51.15  -12.35 || 325
Accel:  +0.84  -0.30  +0.82 || 330      Gyro:  +37.48  -44.40   -6.45 || 330
Accel:  +0.84  -0.28  +0.85 || 335      Gyro:  +44.76   -8.43  -12.15 || 335
Accel:  +0.91  -0.25  +0.93 || 340      Gyro:  +52.16   +2.69   +0.44 || 340
Accel:  +0.81  -0.24  +0.91 || 345      Gyro:  +45.72   +4.44   +1.64 || 345
Accel:  +0.78  -0.25  +0.89 || 350      Gyro:  +49.98  +16.25   +5.79 || 350
Accel:  +0.73  -0.25  +0.88 || 355      Gyro:  +52.73  +14.11   -4.42 || 355
Accel:  +0.72  -0.24  +0.95 || 360      Gyro:  +50.24   +3.95   -2.69 || 360
Accel:  +0.78  -0.27  +0.91 || 365      Gyro:  +52.03   -1.69   -0.63 || 365
Accel:  +0.80  -0.21  +0.97 || 370      Gyro:  +48.36   +5.56   -1.37 || 370
Accel:  +0.75  -0.24  +0.93 || 375      Gyro:  +46.39   +2.14   -1.23 || 375
Accel:  +0.72  -0.25  +0.91 || 380      Gyro:  +46.17   +2.25   +2.41 || 380
Accel:  +0.74  -0.26  +0.88 || 385      Gyro:  +46.40   +0.08   -3.66 || 385
Accel:  +0.76  -0.24  +0.90 || 390      Gyro:  +52.10   -0.39   -3.75 || 390
Accel:  +0.77  -0.25  +0.92 || 395      Gyro:  +50.40   -4.07   -1.76 || 395