Accel:  +0.56  -0.19  +1.01 || 0        Gyro:  +49.44  +11.18   +3.18 || 0
Accel:  +0.67  -0.17  +0.94 || 5        Gyro:  +45.04  +15.86   +1.40 || 5
Accel:  +0.58  -0.20  +0.94 || 10       Gyro:  +41.22   +4.56   +4.78 || 10
Accel:  +0.56  -0.21  +0.91 || 15       Gyro:  +45.11   -4.34   +0.15 || 15
Accel:  +0.51  -0.26  +0.93 || 20       Gyro:  +46.12  -19.63   -4.11 || 20
Accel:  +0.58  -0.18  +1.00 || 25       Gyro:  +41.68  -17.05   -4.12 || 25
Accel:  +0.60  -0.24  +0.93 || 30       Gyro:  +44.77  -44.33   -4.76 || 30
Accel:  +0.67  -0.23  +0.94 || 35       Gyro:  +46.69  -58.40   -8.34 || 35
Accel:  +0.76  -0.25  +0.84 || 40       Gyro:  +46.50  -91.66  -17.06 || 40
Accel:  +0.59  -0.23  +1.02 || 45       Gyro:  +38.07  -99.64  -15.67 || 45
Accel:  +0.83  -0.23  +0.81 || 50       Gyro:  +50.50 -147.08  -48.18 || 50
Accel:  +1.10  -0.19  +0.79 || 55       Gyro:  +63.23 -123.26  -38.90 || 55
Accel:  +1.26  -0.13  +0.79 || 60       Gyro:  +56.02 -111.92  -33.48 || 60
Accel:  +1.30  -0.11  +0.60 || 65       Gyro:  +51.01  -97.35  -22.33 || 65
Accel:  +1.28  -0.12  +0.60 || 70       Gyro:  +57.37  -78.17  -22.08 || 70
Accel:  +1.36  -0.12  +0.63 || 75       Gyro:  +45.40  -65.56  -33.89 || 75
Accel:  +1.40  -0.06  +0.58 || 80       Gyro:  +28.07  -60.63  -23.96 || 80
Accel:  +1.33  -0.08  +0.46 || 85       Gyro:  +60.12  -69.70  -22.47 || 85
Accel:  +1.33  -0.06  +0.49 || 90       Gyro:  +67.61  -74.44  -30.79 || 90
Accel:  +1.42  -0.02  +0.35 || 95       Gyro:  +69.05  -79.32  -37.62 || 95
Accel:  +1.52  +0.05  +0.38 || 100      Gyro:  +69.43  -71.70  -35.63 || 100
Accel:  +1.51  +0.03  +0.20 || 105      Gyro:  +81.12  -42.34  -24.53 || 105
Accel:  +1.55  +0.13  +0.31 || 110      Gyro:  +74.13  -48.57  -21.41 || 110
Accel:  +1.45  +0.09  +0.16 || 115      Gyro:  +67.86  -68.31  -20.62 || 115
Accel:  +1.57  +0.13  +0.11 || 120      Gyro:  +52.82  -68.34  -16.34 || 120
Accel:  +1.45  +0.10  +0.03 || 125      Gyro:  +45.66  -67.66  -23.91 || 125
Accel:  +1.64  +0.21  +0.00 || 130      Gyro:  +51.60  -55.61  -19.96 || 130
Accel:  +1.62  +0.19  -0.01 || 135      Gyro:  +53.11  -11.97   -9.81 || 135
Accel:  +1.57  +0.23  +0.01 || 140      Gyro:  +37.04   -2.22   -6.20 || 140
Accel:  +1.57  +0.19  +0.05 || 145      Gyro:  +50.30   -6.53   -3.24 || 145
Accel:  +1.57  +0.19  -0.10 || 150      Gyro:  +49.19   -5.02   +1.39 || 150
Accel:  +1.51  +0.20  +0.02 || 155      Gyro:  +45.16   +3.97   +0.05 || 155
Accel:  +1.59  +0.21  -0.02 || 160      Gyro:  +46.02   +3.46   +3.77 || 160
Accel:  +1.56  +0.18  -0.00 || 165      Gyro:  +44.62  +16.49   +7.94 || 165
Accel:  +1.58  +0.22  +0.11 || 170      Gyro:  +54.82   +6.30   +8.59 || 170
Accel:  +1.59  +0.17  -0.08 || 175      Gyro:  +37.44   +2.37  +11.56 || 175
Accel:  +1.57  +0.19  +0.06 || 180      Gyro:  +48.72  +15.07   +8.35 || 180
Accel:  +1.51  +0.15  +0.00 || 185      Gyro:  +41.49  +28.95  +10.04 || 185
Accel:  +1.62  +0.22  +0.14 || 190      Gyro:  +41.33  +53.13  +13.84 || 190
Accel:  +1.51  +0.09  +0.07 || 195      Gyro:  +55.28  +49.32  +19.15 || 195
Accel:  +1.52  +0.12  +0.20 || 200      Gyro:  +60.56  +22.89  +19.73 || 200
Accel:  +1.56  +0.12  +0.24 || 205      Gyro:  +44.62  +40.34  +18.46 || 205
Accel:  +1.69  +0.16  +0.20 || 210      Gyro:  +40.95  +59.37  +33.65 || 210
Accel:  +1.51  +0.08  +0.30 || 215      Gyro:  +30.26  +80.09  +27.82 || 215
Accel:  +1.52  +0.06  +0.32 || 220      Gyro:  +35.55  +89.80  +39.50 || 220
Accel:  +1.47  +0.03  +0.42 || 225      Gyro:  +23.67 +101.93  +33.91 || 225
Accel:  +1.25  -0.11  +0.46 || 230      Gyro:  +59.63  +50.41  +36.69 || 230
Accel:  +1.37  -0.07  +0.50 || 235      Gyro:  +36.54  +64.97  +14.39 || 235
Accel:  +1.27  -0.04  +0.65 || 240      Gyro:  +50.87  +49.12  +23.61 || 240
Accel:  +1.32  -0.03  +0.68 || 245      Gyro:  +32.86  +71.56  +28.32 || 245
Accel:  +1.37  -0.10  +0.62 || 250      Gyro:  +23.23  +92.69  +44.70 || 250
Accel:  +1.12  -0.19  +0.64 || 255      Gyro:  +32.17  +98.07  +36.00 || 255
Accel:  +1.07  -0.18  +0.81 || 260      Gyro:  +32.93  +89.98  +29.73 || 260
Accel:  +1.04  -0.19  +0.85 || 265      Gyro:  +32.30  +92.26  +19.57 || 265
Accel:  +0.90  -0.26  +0.69 || 270      Gyro:  +43.91  +96.11  +26.01 || 270
Accel:  +0.80  -0.24  +0.94 || 275      Gyro:  +63.15  +79.21  +12.92 || 275
Accel:  +0.84  -0.15  +0.80 || 280      Gyro: +136.32  +97.86  +25.78 || 280
Accel:  +0.69  -0.13  +1.10 || 285      Gyro:  +75.41  +68.79  +24.15 || 285
Accel:  +0.62  -0.19  +0.89 || 290      Gyro:  +61.25  +64.31  +13.62 || 290
Accel:  +0.49  -0.17  +0.98 || 295      Gyro:  +57.85  +48.16   +0.76 || 295
Accel:  +0.56  -0.10  +1.04 || 300      Gyro:  +40.19  +17.03   +0.21 || 300
Accel:  +0.53  -0.15  +0.93 || 305      Gyro:  +45.35  +12.69   +1.56 || 305
Accel:  +0.54  -0.14  +0.97 || 310      Gyro:  +51.21   +5.47   -0.47 || 310
Accel:  +0.58  -0.11  +1.03 || 315      Gyro:  +44.78   -3.92   +0.57 || 315
Accel:  +0.57  -0.16  +0.91 || 320      Gyro:  +47.36   -3.49   -0.39 || 320
Accel:  +0.55  -0.13  +1.01 || 325      Gyro:  +47.99   -3.09   -0.68 || 325
Accel:  +0.57  -0.16  +0.94 || 330      Gyro:  +48.78   -7.97   -0.98 || 330
Accel:  +0.59  -0.12  +0.97 || 335      Gyro:  +44.80   -6.29   -2.99 || 335
Accel:  +0.60  -0.15  +0.95 || 340      Gyro:  +46.92   -3.47   -2.87 || 340
Accel:  +0.53  -0.18  +0.95 || 345      Gyro:  +50.66   -5.15   -6.48 || 345
Accel:  +0.58  -0.14  +0.96 || 350      Gyro:  +54.60   -0.21   -5.37 || 350
Accel:  +0.63  -0.11  +0.96 || 355      Gyro:  +48.68   -5.21   -5.85 || 355
Accel:  +0.60  -0.12  +0.97 || 360      Gyro:  +62.98  +11.44   -1.00 || 360
Accel:  +0.63  -0.09  +1.02 || 365      Gyro:  +60.56   +7.47   +0.62 || 365
Accel:  +0.66  -0.08  +0.93 || 370      Gyro:  +49.78  +19.93  +14.37 || 370
Accel:  +0.53  -0.15  +0.93 || 375      Gyro:  +47.77   -0.01   +8.76 || 375
Accel:  +0.44  -0.12  +1.02 || 380      Gyro:  +47.40   +2.12   -1.63 || 380
Accel:  +0.55  -0.13  +0.92 || 385      Gyro:  +45.60  -16.85   -8.06 || 385
Accel:  +0.66  -0.06  +1.07 || 390      Gyro:  +48.92  -15.03   -8.58 || 390
Accel:  +0.70  -0.12  +0.90 || 395      Gyro:  +47.85   -5.82   +5.79 || 395