Accel:  +0.70  -0.17  +0.88 || 0        Gyro:  +25.39  -12.11   -5.80 || 0
Accel:  +0.75  -0.16  +0.86 || 5        Gyro:  +51.90   -5.87   -9.59 || 5
Accel:  +0.89  -0.08  +0.94 || 10       Gyro:  +51.23   -7.58   -3.88 || 10
Accel:  +0.87  -0.09  +0.93 || 15       Gyro:  +53.69   -1.45   +0.13 || 15
Accel:  +0.85  -0.07  +0.96 || 20       Gyro:  +50.51   +1.66   +3.68 || 20
Accel:  +0.78  -0.09  +0.95 || 25       Gyro:  +48.05   +0.24   +0.75 || 25
Accel:  +0.79  -0.10  +0.95 || 30       Gyro:  +45.78   -1.69   -2.26 || 30
Accel:  +0.84  -0.09  +0.92 || 35       Gyro:  +46.84   -4.35   -3.60 || 35
Accel:  +0.86  -0.09  +0.93 || 40       Gyro:  +47.92   -1.23   -2.39 || 40
Accel:  +0.84  -0.09  +0.94 || 45       Gyro:  +48.93   -6.02   -2.73 || 45
Accel:  +0.82  -0.10  +0.93 || 50       Gyro:  +48.59  -11.70   -4.77 || 50
Accel:  +0.85  -0.07  +0.96 || 55       Gyro:  +47.70  -24.24  -10.82 || 55
Accel:  +0.86  -0.08  +0.94 || 60       Gyro:  +45.40  -38.66  -14.59 || 60
Accel:  +0.89  -0.08  +0.91 || 65       Gyro:  +41.40  -44.27  -21.33 || 65
Accel:  +0.87  -0.09  +0.86 || 70       Gyro:  +43.85  -69.21  -30.81 || 70
Accel:  +0.90  -0.10  +0.79 || 75       Gyro:  +50.86  -99.24  -44.04 || 75
Accel:  +0.99  -0.02  +0.84 || 80       Gyro:  +59.55 -110.24  -41.92 || 80
Accel:  +1.09  -0.00  +0.74 || 85       Gyro:  +60.86 -163.51  -53.02 || 85
Accel:  +1.30  +0.08  +0.63 || 90       Gyro:  +49.18 -175.82  -59.81 || 90
Accel:  +1.44  +0.08  +0.37 || 95       Gyro:  +49.88 -173.05  -58.85 || 95
Accel:  +1.58  +0.17  +0.27 || 100      Gyro:  +52.50 -126.89  -40.81 || 100
Accel:  +1.48  +0.13  +0.16 || 105      Gyro:  +77.04  -97.24  -28.04 || 105
Accel:  +1.55  +0.18  +0.11 || 110      Gyro:  +78.68  -57.04  -18.17 || 110
Accel:  +1.57  +0.23  +0.16 || 115      Gyro:  +80.94  -30.18  -19.21 || 115
Accel:  +1.52  +0.23  +0.14 || 120      Gyro:  +74.20  -44.09  -21.99 || 120
Accel:  +1.56  +0.26  +0.13 || 125      Gyro:  +67.63  -46.48  -34.08 || 125
Accel:  +1.54  +0.27  +0.15 || 130      Gyro:  +55.27  -45.98  -40.77 || 130
Accel:  +1.48  +0.29  +0.07 || 135      Gyro:  +55.25  -41.64  -31.60 || 135
Accel:  +1.51  +0.33  -0.00 || 140      Gyro:  +61.99  -45.34  -32.11 || 140
Accel:  +1.48  +0.34  -0.09 || 145      Gyro:  +63.42  -35.56  -34.14 || 145
Accel:  +1.50  +0.38  -0.13 || 150      Gyro:  +77.03  -30.47  -29.27 || 150
Accel:  +1.55  +0.49  -0.08 || 155      Gyro:  +66.30  -21.93  -19.69 || 155
Accel:  +1.47  +0.46  -0.15 || 160      Gyro:  +54.82   -4.15  -14.98 || 160
Accel:  +1.47  +0.45  -0.13 || 165      Gyro:  +57.99  -10.61   +0.04 || 165
Accel:  +1.43  +0.42  -0.14 || 170      Gyro:  +56.85   -3.05   -1.69 || 170
Accel:  +1.43  +0.41  -0.16 || 175      Gyro:  +60.84   -5.03   +0.12 || 175
Accel:  +1.40  +0.39  -0.16 || 180      Gyro:  +63.43   +7.12   -5.76 || 180
Accel:  +1.44  +0.44  -0.10 || 185      Gyro:  +65.18   -8.66   +4.87 || 185
Accel:  +1.44  +0.40  -0.19 || 190      Gyro:  +63.80  -14.82   -1.25 || 190
Accel:  +1.48  +0.46  -0.20 || 195      Gyro:  +51.58   -3.71   +1.68 || 195
Accel:  +1.50  +0.47  -0.19 || 200      Gyro:  +43.98   +6.59   +4.94 || 200
Accel:  +1.44  +0.43  -0.16 || 205      Gyro:  +34.95  +16.36  +15.66 || 205
Accel:  +1.45  +0.42  -0.13 || 210      Gyro:  +38.82   +5.77  +11.63 || 210
Accel:  +1.44  +0.39  -0.15 || 215      Gyro:  +39.08   +3.23  +10.52 || 215
Accel:  +1.47  +0.38  -0.16 || 220      Gyro:  +43.33   -0.23  +13.85 || 220
Accel:  +1.43  +0.35  -0.17 || 225      Gyro:  +45.37   +3.73   +4.95 || 225
Accel:  +1.49  +0.42  -0.13 || 230      Gyro:  +41.01   +3.61   +6.66 || 230
Accel:  +1.42  +0.32  -0.17 || 235      Gyro:  +44.54   +6.23   -2.53 || 235
Accel:  +1.49  +0.41  -0.13 || 240      Gyro:  +51.06   -3.39   +1.93 || 240
Accel:  +1.48  +0.40  -0.15 || 245      Gyro:  +47.21   -3.95   +5.08 || 245
Accel:  +1.44  +0.36  -0.16 || 250      Gyro:  +52.85   -2.11   -1.34 || 250
Accel:  +1.50  +0.39  -0.14 || 255      Gyro:  +48.98   +4.54   +9.74 || 255
Accel:  +1.43  +0.34  -0.15 || 260      Gyro:  +44.32   +5.00   +1.15 || 260
Accel:  +1.50  +0.40  -0.14 || 265      Gyro:  +51.02   -7.23   +2.64 || 265
Accel:  +1.47  +0.37  -0.17 || 270      Gyro:  +47.08   -0.11   +1.47 || 270
Accel:  +1.51  +0.41  -0.10 || 275      Gyro:  +47.79   -3.60   +5.60 || 275
Accel:  +1.45  +0.35  -0.17 || 280      Gyro:  +45.76   +2.92   +3.29 || 280
Accel:  +1.48  +0.36  -0.16 || 285      Gyro:  +48.73   +1.66   +0.40 || 285
Accel:  +1.48  +0.37  -0.14 || 290      Gyro:  +48.56   +4.37   +1.31 || 290
Accel:  +1.47  +0.37  -0.14 || 295      Gyro:  +48.60   +0.10   -0.81 || 295
Accel:  +1.48  +0.39  -0.15 || 300      Gyro:  +48.24   -1.56   +0.15 || 300
Accel:  +1.46  +0.36  -0.15 || 305      Gyro:  +49.65   +1.85   -0.31 || 305
Accel:  +1.46  +0.36  -0.12 || 310      Gyro:  +47.51   +7.13   -1.27 || 310
Accel:  +1.48  +0.39  -0.12 || 315      Gyro:  +49.17   -0.25   -0.37 || 315
Accel:  +1.49  +0.39  -0.13 || 320      Gyro:  +47.50   -3.24   -0.23 || 320
Accel:  +1.49  +0.39  -0.15 || 325      Gyro:  +47.06   -4.19   -0.56 || 325
Accel:  +1.45  +0.35  -0.15 || 330      Gyro:  +50.50   -2.23   -5.63 || 330
Accel:  +1.49  +0.39  -0.13 || 335      Gyro:  +44.44   -0.51   +0.44 || 335
Accel:  +1.47  +0.38  -0.14 || 340      Gyro:  +51.85   -6.61   -1.50 || 340
Accel:  +1.49  +0.39  -0.16 || 345      Gyro:  +47.56   -2.53   +1.37 || 345
Accel:  +1.46  +0.38  -0.15 || 350      Gyro:  +51.90   -1.24   -2.66 || 350
Accel:  +1.47  +0.38  -0.14 || 355      Gyro:  +44.15   +2.88   +4.44 || 355
Accel:  +1.51  +0.41  -0.16 || 360      Gyro:  +51.62   -0.34   +0.38 || 360
Accel:  +1.45  +0.37  -0.14 || 365      Gyro:  +45.23   +5.05   +2.85 || 365
Accel:  +1.49  +0.40  -0.14 || 370      Gyro:  +48.91   +1.44   +1.05 || 370
Accel:  +1.46  +0.36  -0.13 || 375      Gyro:  +47.50   +3.10   +4.87 || 375
Accel:  +1.49  +0.39  -0.14 || 380      Gyro:  +47.18   +6.01   +4.32 || 380
Accel:  +1.45  +0.36  -0.13 || 385      Gyro:  +46.97   +7.43   +1.61 || 385
Accel:  +1.52  +0.41  -0.13 || 390      Gyro:  +49.22   +7.23   +4.69 || 390
Accel:  +1.47  +0.36  -0.12 || 395      Gyro:  +42.97  +15.52   +2.95 || 395