Accel:  +0.57  -0.26  +0.82 || 0        Gyro:   +0.02 -104.33  -76.50 || 0
Accel:  +0.77  -0.27  +0.75 || 5        Gyro:  +14.76 -129.72  -96.96 || 5
Accel:  +0.96  -0.26  +0.74 || 10       Gyro:  +18.09 -134.42  -86.20 || 10
Accel:  +1.15  -0.29  +0.65 || 15       Gyro:  +41.22 -120.30  -74.98 || 15
Accel:  +1.34  -0.22  +0.67 || 20       Gyro:  +62.24  -89.79  -49.30 || 20
Accel:  +1.19  -0.27  +0.50 || 25       Gyro:  +72.92  -66.95  -64.11 || 25
Accel:  +1.28  -0.07  +0.75 || 30       Gyro:  +83.32  -36.73  -49.66 || 30
Accel:  +1.44  -0.00  +0.68 || 35       Gyro:  +87.35  -36.17  -60.47 || 35
Accel:  +1.43  +0.02  +0.74 || 40       Gyro:  +64.81  -61.71  -23.56 || 40
Accel:  +1.36  -0.03  +0.58 || 45       Gyro:  +59.62  -45.39  -35.83 || 45
Accel:  +1.43  +0.07  +0.54 || 50       Gyro:  +56.45  -39.43  -34.51 || 50
Accel:  +1.32  +0.05  +0.52 || 55       Gyro:  +53.44  -19.87  -54.47 || 55
Accel:  +1.49  +0.12  +0.49 || 60       Gyro:  +42.22   -9.99  -39.49 || 60
Accel:  +1.42  +0.08  +0.45 || 65       Gyro:  +66.22  -29.73  -15.63 || 65
Accel:  +1.45  +0.16  +0.53 || 70       Gyro:  +52.01  -12.27  -10.78 || 70
Accel:  +1.47  +0.17  +0.47 || 75       Gyro:  +48.44  -10.40   -2.73 || 75
Accel:  +1.42  +0.14  +0.51 || 80       Gyro:  +46.07   -0.42   +2.63 || 80
Accel:  +1.42  +0.14  +0.46 || 85       Gyro:  +49.33   -4.07   +1.21 || 85
Accel:  +1.44  +0.14  +0.47 || 90       Gyro:  +49.35   -1.74   +3.19 || 90
Accel:  +1.43  +0.13  +0.45 || 95       Gyro:  +44.24   +0.83   +0.98 || 95
Accel:  +1.38  +0.15  +0.43 || 100      Gyro:  +49.29   -2.40   -3.58 || 100
Accel:  +1.40  +0.16  +0.50 || 105      Gyro:  +49.27   -3.30   -6.41 || 105
Accel:  +1.41  +0.16  +0.49 || 110      Gyro:  +47.05   -5.96   -2.39 || 110
Accel:  +1.44  +0.16  +0.48 || 115      Gyro:  +45.70   -3.17   +1.98 || 115
Accel:  +1.43  +0.14  +0.43 || 120      Gyro:  +49.71   -2.14   -1.03 || 120
Accel:  +1.37  +0.14  +0.46 || 125      Gyro:  +50.27   +1.08   -3.50 || 125
Accel:  +1.42  +0.17  +0.47 || 130      Gyro:  +49.83   -0.40   +2.36 || 130
Accel:  +1.43  +0.16  +0.47 || 135      Gyro:  +46.69   +0.15   +4.17 || 135
Accel:  +1.41  +0.15  +0.45 || 140      Gyro:  +47.87   -0.24   +0.76 || 140
Accel:  +1.46  +0.17  +0.48 || 145      Gyro:  +48.42   -2.73   +5.27 || 145
Accel:  +1.42  +0.14  +0.43 || 150      Gyro:  +41.91   -4.11   +4.60 || 150
Accel:  +1.42  +0.13  +0.44 || 155      Gyro:  +50.05   -2.21   -0.38 || 155
Accel:  +1.43  +0.16  +0.45 || 160      Gyro:  +46.47   -2.56   +1.50 || 160
Accel:  +1.38  +0.11  +0.45 || 165      Gyro:  +46.53   -2.29   +0.57 || 165
Accel:  +1.45  +0.14  +0.44 || 170      Gyro:  +48.75   +0.55   +0.73 || 170
Accel:  +1.39  +0.12  +0.44 || 175      Gyro:  +50.87   +6.09   -0.11 || 175
Accel:  +1.44  +0.16  +0.49 || 180      Gyro:  +47.13   +6.15   +1.44 || 180
Accel:  +1.41  +0.14  +0.46 || 185      Gyro:  +43.36   +0.19   -0.51 || 185
Accel:  +1.42  +0.15  +0.48 || 190      Gyro:  +50.15   -6.31   +0.78 || 190
Accel:  +1.47  +0.15  +0.45 || 195      Gyro:  +49.02   -4.19   +4.14 || 195
Accel:  +1.41  +0.12  +0.45 || 200      Gyro:  +46.73   +2.49   +2.93 || 200
Accel:  +1.45  +0.15  +0.47 || 205      Gyro:  +46.01   +3.97   +6.04 || 205
Accel:  +1.45  +0.15  +0.47 || 210      Gyro:  +41.98   +4.19   +6.76 || 210
Accel:  +1.43  +0.13  +0.48 || 215      Gyro:  +39.70   +5.09   +8.47 || 215
Accel:  +1.44  +0.11  +0.45 || 220      Gyro:  +43.32   +3.08   +4.81 || 220
Accel:  +1.40  +0.10  +0.46 || 225      Gyro:  +44.85   +3.53   +4.60 || 225
Accel:  +1.40  +0.12  +0.49 || 230      Gyro:  +44.33   -2.05   +3.39 || 230
Accel:  +1.44  +0.11  +0.46 || 235      Gyro:  +43.95   -1.59   +4.63 || 235
Accel:  +1.53  +0.11  +0.47 || 240      Gyro:  +41.97   +7.82  +14.50 || 240
Accel:  +1.52  +0.10  +0.50 || 245      Gyro:  +40.99  +18.11  +20.94 || 245
Accel:  +1.48  +0.11  +0.55 || 250      Gyro:  +31.15  +24.92  +30.39 || 250
Accel:  +1.46  +0.09  +0.51 || 255      Gyro:  +21.47  +30.25  +28.94 || 255
Accel:  +1.40  -0.00  +0.50 || 260      Gyro:  +19.67  +32.27  +32.90 || 260
Accel:  +1.40  -0.05  +0.50 || 265      Gyro:  +25.29  +37.29  +37.78 || 265
Accel:  +1.33  -0.08  +0.54 || 270      Gyro:  +34.93  +47.43  +43.43 || 270
Accel:  +1.29  -0.13  +0.50 || 275      Gyro:  +41.78  +44.20  +47.30 || 275
Accel:  +1.26  -0.18  +0.54 || 280      Gyro:  +59.95  +53.17  +37.85 || 280
Accel:  +1.19  -0.12  +0.78 || 285      Gyro:  +65.40  +74.60  +53.66 || 285
Accel:  +1.19  -0.16  +0.71 || 290      Gyro:  +43.94  +63.76  +49.14 || 290
Accel:  +1.15  -0.20  +0.75 || 295      Gyro:  +61.79  +70.21  +62.85 || 295
Accel:  +1.08  -0.19  +0.82 || 300      Gyro:  +47.05  +48.14  +63.98 || 300
Accel:  +0.92  -0.29  +0.68 || 305      Gyro:  +69.21  +35.15  +57.52 || 305
Accel:  +0.83  -0.20  +0.90 || 310      Gyro:  +50.95  +44.28  +28.56 || 310
Accel:  +0.72  -0.27  +0.89 || 315      Gyro:  +43.24  +41.57   +6.42 || 315
Accel:  +0.75  -0.25  +0.89 || 320      Gyro:  +37.30  +30.73   +9.21 || 320
Accel:  +0.80  -0.25  +0.87 || 325      Gyro:  +43.33  +42.40  +12.35 || 325
Accel:  +0.79  -0.27  +0.91 || 330      Gyro:  +41.73  +32.69  +19.25 || 330
Accel:  +0.76  -0.31  +0.89 || 335      Gyro:  +38.91  +21.85   +9.69 || 335
Accel:  +0.77  -0.32  +0.91 || 340      Gyro:  +40.18  +15.41   +6.27 || 340
Accel:  +0.79  -0.31  +0.93 || 345      Gyro:  +39.47  +11.59   +6.02 || 345
Accel:  +0.74  -0.35  +0.90 || 350      Gyro:  +45.11   +6.99   +3.11 || 350
Accel:  +0.74  -0.35  +0.88 || 355      Gyro:  +44.37   -4.89   +2.72 || 355
Accel:  +0.81  -0.32  +0.91 || 360      Gyro:  +41.93   -8.65   +0.59 || 360
Accel:  +0.78  -0.33  +0.91 || 365      Gyro:  +46.40   -7.82   +0.51 || 365
Accel:  +0.80  -0.35  +0.86 || 370      Gyro:  +50.48   -1.63   -1.27 || 370
Accel:  +0.79  -0.34  +0.88 || 375      Gyro:  +52.73   -0.21   +3.06 || 375
Accel:  +0.80  -0.31  +0.93 || 380      Gyro:  +51.54   -2.79   +1.69 || 380
Accel:  +0.78  -0.32  +0.87 || 385      Gyro:  +49.69   -7.63   +2.88 || 385
Accel:  +0.79  -0.34  +0.87 || 390      Gyro:  +62.79  -13.19   +0.95 || 390
Accel:  +0.77  -0.28  +0.95 || 395      Gyro:  +47.35  -10.12   -3.23 || 395