Accel:  +0.42  -0.35  +0.88 || 0        Gyro:  +43.73   -8.47  -10.17 || 0
Accel:  +0.45  -0.37  +0.90 || 5        Gyro:  +49.13  -11.92  -17.64 || 5
Accel:  +0.47  -0.36  +0.97 || 10       Gyro:  +35.16  -20.37  -13.92 || 10
Accel:  +0.51  -0.41  +0.89 || 15       Gyro:  +33.09  -24.60  -18.97 || 15
Accel:  +0.52  -0.41  +0.89 || 20       Gyro:  +37.56  -22.53  -21.89 || 20
Accel:  +0.46  -0.36  +0.92 || 25       Gyro:  +26.37  -37.60  -32.86 || 25
Accel:  +0.48  -0.43  +0.80 || 30       Gyro:  +10.52  -63.53  -33.94 || 30
Accel:  +0.52  -0.51  +0.63 || 35       Gyro:  +26.59  -76.90  -23.24 || 35
Accel:  +0.71  -0.42  +0.75 || 40       Gyro:  +51.91  -87.61  -12.11 || 40
Accel:  +0.81  -0.39  +0.86 || 45       Gyro:  +32.88  -96.42  -30.75 || 45
Accel:  +1.02  -0.48  +0.77 || 50       Gyro:  +19.26 -113.24  -36.31 || 50
Accel:  +1.11  -0.52  +0.63 || 55       Gyro:  +24.76  -91.51  -33.85 || 55
Accel:  +1.13  -0.48  +0.61 || 60       Gyro:  +28.14  -68.75  -24.02 || 60
Accel:  +1.21  -0.53  +0.55 || 65       Gyro:  +40.03  -44.27  -33.10 || 65
Accel:  +1.34  -0.50  +0.67 || 70       Gyro:  +43.02  -58.44  -13.54 || 70
Accel:  +1.24  -0.45  +0.68 || 75       Gyro:  +20.89  -83.31   +8.04 || 75
Accel:  +1.21  -0.56  +0.35 || 80       Gyro:  +39.07  -47.31  -16.39 || 80
Accel:  +1.28  -0.43  +0.60 || 85       Gyro:  +50.35  -50.85   +0.89 || 85
Accel:  +1.32  -0.47  +0.47 || 90       Gyro:  +30.86  -34.75   -8.60 || 90
Accel:  +1.36  -0.50  +0.37 || 95       Gyro:  +45.05  -25.55   -1.59 || 95
Accel:  +1.38  -0.49  +0.42 || 100      Gyro:  +47.31   +4.53   -2.08 || 100
Accel:  +1.31  -0.49  +0.40 || 105      Gyro:  +55.63  +13.69   -2.24 || 105
Accel:  +1.27  -0.46  +0.49 || 110      Gyro:  +52.18  +13.89   -5.76 || 110
Accel:  +1.27  -0.47  +0.47 || 115      Gyro:  +47.27   +2.21   -1.58 || 115
Accel:  +1.31  -0.47  +0.45 || 120      Gyro:  +47.15   +0.05   -0.89 || 120
Accel:  +1.30  -0.48  +0.46 || 125      Gyro:  +46.64   +4.32   -1.97 || 125
Accel:  +1.25  -0.47  +0.45 || 130      Gyro:  +52.19   +5.29   -2.08 || 130
Accel:  +1.32  -0.46  +0.49 || 135      Gyro:  +47.01   +0.01   -1.42 || 135
Accel:  +1.29  -0.48  +0.43 || 140      Gyro:  +48.76   +0.37   -1.10 || 140
Accel:  +1.29  -0.44  +0.50 || 145      Gyro:  +48.75   +1.98   -0.95 || 145
Accel:  +1.27  -0.47  +0.46 || 150      Gyro:  +45.47   +2.30   -1.76 || 150
Accel:  +1.30  -0.45  +0.48 || 155      Gyro:  +50.18   -2.31   +2.00 || 155
Accel:  +1.29  -0.46  +0.47 || 160      Gyro:  +42.79   +5.85   -1.63 || 160
Accel:  +1.30  -0.47  +0.46 || 165      Gyro:  +51.24   -2.68   +3.08 || 165
Accel:  +1.27  -0.45  +0.50 || 170      Gyro:  +46.10   +5.56   -1.11 || 170
Accel:  +1.28  -0.48  +0.43 || 175      Gyro:  +50.44   -2.35   +2.88 || 175
Accel:  +1.29  -0.44  +0.50 || 180      Gyro:  +52.45   -0.16   -0.41 || 180
Accel:  +1.31  -0.45  +0.48 || 185      Gyro:  +44.65   -4.08   +1.66 || 185
Accel:  +1.29  -0.47  +0.46 || 190      Gyro:  +48.68   -1.02   +0.88 || 190
Accel:  +1.30  -0.45  +0.49 || 195      Gyro:  +47.01   +1.11   +2.21 || 195
Accel:  +1.30  -0.46  +0.46 || 200      Gyro:  +46.31   +3.20   +0.51 || 200
Accel:  +1.32  -0.45  +0.48 || 205      Gyro:  +47.88   +0.75   +1.69 || 205
Accel:  +1.35  -0.45  +0.46 || 210      Gyro:  +46.94   +8.45   +5.40 || 210
Accel:  +1.32  -0.48  +0.44 || 215      Gyro:  +49.30  +22.67   +5.24 || 215
Accel:  +1.29  -0.53  +0.42 || 220      Gyro:  +55.18  +30.66   +9.17 || 220
Accel:  +1.37  -0.52  +0.42 || 225      Gyro:  +63.96  +21.66  +23.56 || 225
Accel:  +1.33  -0.49  +0.55 || 230      Gyro:  +71.92  +49.20  +29.79 || 230
Accel:  +1.25  -0.50  +0.61 || 235      Gyro:  +75.19  +97.93  +23.27 || 235
Accel:  +1.18  -0.42  +0.74 || 240      Gyro:  +67.33 +105.26  +27.97 || 240
Accel:  +1.07  -0.45  +0.72 || 245      Gyro:  +50.60 +101.17  +37.83 || 245
Accel:  +1.00  -0.50  +0.71 || 250      Gyro:  +52.63  +93.75  +53.28 || 250
Accel:  +0.88  -0.46  +0.77 || 255      Gyro:  +49.63 +107.88  +51.59 || 255
Accel:  +0.70  -0.55  +0.68 || 260      Gyro:  +56.40  +92.89  +61.01 || 260
Accel:  +0.57  -0.50  +0.71 || 265      Gyro:  +67.81  +69.93  +50.85 || 265
Accel:  +0.44  -0.47  +0.78 || 270      Gyro:  +75.40  +47.59  +40.86 || 270
Accel:  +0.36  -0.40  +0.89 || 275      Gyro:  +70.73  +37.60  +19.53 || 275
Accel:  +0.36  -0.42  +0.84 || 280      Gyro:  +65.43  +17.82  +15.73 || 280
Accel:  +0.38  -0.42  +0.86 || 285      Gyro:  +64.76  +15.57   +6.75 || 285
Accel:  +0.38  -0.41  +0.87 || 290      Gyro:  +59.06   +6.37   -5.15 || 290
Accel:  +0.46  -0.41  +0.93 || 295      Gyro:  +53.56   +1.82  -10.92 || 295
Accel:  +0.51  -0.45  +0.87 || 300      Gyro:  +46.95   -5.82   -3.65 || 300
Accel:  +0.55  -0.44  +0.89 || 305      Gyro:  +59.21   +1.56   +0.39 || 305
Accel:  +0.48  -0.41  +0.86 || 310      Gyro:  +51.40   +4.68   +6.06 || 310
Accel:  +0.46  -0.42  +0.86 || 315      Gyro:  +52.54   +1.78   +3.87 || 315
Accel:  +0.50  -0.41  +0.88 || 320      Gyro:  +50.62   -1.91   +0.57 || 320
Accel:  +0.49  -0.42  +0.91 || 325      Gyro:  +47.47   -3.68   +4.08 || 325
Accel:  +0.48  -0.42  +0.89 || 330      Gyro:  +48.93  -12.51   +1.30 || 330
Accel:  +0.47  -0.42  +0.84 || 335      Gyro:  +57.68   +6.87  -10.73 || 335
Accel:  +0.48  -0.40  +0.87 || 340      Gyro:  +58.89   +6.31   -3.44 || 340
Accel:  +0.47  -0.38  +0.91 || 345      Gyro:  +56.08   +0.94   -6.11 || 345
Accel:  +0.46  -0.39  +0.92 || 350      Gyro:  +55.70   -8.53   -5.46 || 350
Accel:  +0.51  -0.38  +0.91 || 355      Gyro:  +48.69  -28.64   +0.53 || 355
Accel:  +0.54  -0.39  +0.86 || 360      Gyro:  +48.24  -19.51   -4.07 || 360
Accel:  +0.57  -0.39  +0.92 || 365      Gyro:  +50.69  -11.07   +0.78 || 365
Accel:  +0.53  -0.41  +0.90 || 370      Gyro:  +44.63  -11.40   -1.52 || 370
Accel:  +0.55  -0.40  +0.88 || 375      Gyro:  +49.11   -5.16   -1.97 || 375
Accel:  +0.56  -0.38  +0.93 || 380      Gyro:  +42.71   -1.70   +0.56 || 380
Accel:  +0.56  -0.41  +0.89 || 385      Gyro:  +46.82   -0.11   +2.34 || 385
Accel:  +0.55  -0.39  +0.89 || 390      Gyro:  +44.12   -5.22   +0.97 || 390
Accel:  +0.55  -0.40  +0.87 || 395      Gyro:  +42.89   -1.13   +1.18 || 395