Accel:  +0.64  -0.15  +0.89 || 0        Gyro:  +56.94  -53.82  -10.47 || 0
Accel:  +0.73  -0.09  +0.96 || 5        Gyro:  +40.03  -69.62  -16.31 || 5
Accel:  +0.86  -0.14  +0.90 || 10       Gyro:  +40.17  -68.90  -17.15 || 10
Accel:  +1.01  -0.11  +0.93 || 15       Gyro:  +36.79  -58.02  -21.92 || 15
Accel:  +1.00  -0.19  +0.83 || 20       Gyro:  +32.25  -73.57  -12.54 || 20
Accel:  +1.06  -0.13  +0.85 || 25       Gyro:  +22.26  -73.36  -16.27 || 25
Accel:  +1.07  -0.18  +0.77 || 30       Gyro:  +30.01  -81.88  -15.89 || 30
Accel:  +1.10  -0.15  +0.78 || 35       Gyro:  +18.42  -89.77  -22.96 || 35
Accel:  +1.15  -0.19  +0.65 || 40       Gyro:  +27.32 -113.43  -25.60 || 40
Accel:  +1.22  -0.20  +0.57 || 45       Gyro:  +11.50 -114.89  -35.98 || 45
Accel:  +1.41  -0.12  +0.53 || 50       Gyro:  +20.89 -124.55  -47.76 || 50
Accel:  +1.35  -0.24  +0.23 || 55       Gyro:  +41.98 -113.70  -44.38 || 55
Accel:  +1.62  -0.05  +0.43 || 60       Gyro:  +12.56  -94.02  -33.37 || 60
Accel:  +1.61  -0.09  +0.19 || 65       Gyro:  +22.63  -73.26  -35.73 || 65
Accel:  +1.77  -0.06  +0.20 || 70       Gyro:  +11.44  -40.02  -19.23 || 70
Accel:  +1.61  -0.11  +0.16 || 75       Gyro:  +27.04  -25.01   -7.29 || 75
Accel:  +1.55  -0.07  +0.19 || 80       Gyro:  +15.91  -31.28  -22.08 || 80
Accel:  +1.53  -0.10  +0.16 || 85       Gyro:  +25.47   +0.36  -21.08 || 85
Accel:  +1.50  -0.07  +0.13 || 90       Gyro:  +44.40   +7.51  -11.15 || 90
Accel:  +1.59  -0.02  +0.13 || 95       Gyro:  +48.96  +19.76   -9.69 || 95
Accel:  +1.61  +0.00  +0.23 || 100      Gyro:  +52.14   +6.15   +2.92 || 100
Accel:  +1.57  -0.05  +0.20 || 105      Gyro:  +55.34  +10.82  +14.07 || 105
Accel:  +1.51  -0.04  +0.18 || 110      Gyro:  +51.28   +0.76  +14.82 || 110
Accel:  +1.52  -0.06  +0.19 || 115      Gyro:  +50.46   -3.18   +8.22 || 115
Accel:  +1.48  -0.06  +0.19 || 120      Gyro:  +54.47   -9.44   +3.54 || 120
Accel:  +1.52  -0.08  +0.17 || 125      Gyro:  +56.40   -1.62   +3.97 || 125
Accel:  +1.56  -0.05  +0.15 || 130      Gyro:  +55.78   +2.92   +4.33 || 130
Accel:  +1.53  -0.07  +0.18 || 135      Gyro:  +51.98   +3.97   +1.98 || 135
Accel:  +1.52  -0.04  +0.22 || 140      Gyro:  +46.87   +4.69   -1.47 || 140
Accel:  +1.50  -0.07  +0.22 || 145      Gyro:  +47.92   -0.12   -0.24 || 145
Accel:  +1.52  -0.07  +0.19 || 150      Gyro:  +47.79   -3.99   +2.20 || 150
Accel:  +1.57  -0.07  +0.15 || 155      Gyro:  +43.63   -4.27   -1.09 || 155
Accel:  +1.51  -0.06  +0.19 || 160      Gyro:  +39.34   -0.08   -2.10 || 160
Accel:  +1.53  -0.05  +0.20 || 165      Gyro:  +40.37   +2.15   +3.36 || 165
Accel:  +1.53  -0.08  +0.17 || 170      Gyro:  +46.24   -5.31   -0.02 || 170
Accel:  +1.57  -0.07  +0.18 || 175      Gyro:  +43.76  -10.31   +2.59 || 175
Accel:  +1.53  -0.07  +0.16 || 180      Gyro:  +46.80   -2.13   +1.18 || 180
Accel:  +1.52  -0.08  +0.17 || 185      Gyro:  +45.08   -3.94   +5.60 || 185
Accel:  +1.55  -0.05  +0.21 || 190      Gyro:  +45.10   -7.42   +3.74 || 190
Accel:  +1.54  -0.06  +0.15 || 195      Gyro:  +43.66   -5.06   +4.02 || 195
Accel:  +1.55  -0.07  +0.15 || 200      Gyro:  +47.52   -8.43   +3.97 || 200
Accel:  +1.54  -0.09  +0.14 || 205      Gyro:  +46.63   -4.07   +1.81 || 205
Accel:  +1.51  -0.09  +0.13 || 210      Gyro:  +41.02   -5.20   -0.53 || 210
Accel:  +1.54  -0.06  +0.15 || 215      Gyro:  +45.73   -5.42   +1.03 || 215
Accel:  +1.55  -0.07  +0.13 || 220      Gyro:  +43.11   +2.59   +2.52 || 220
Accel:  +1.48  -0.10  +0.12 || 225      Gyro:  +50.63   -5.33   -0.04 || 225
Accel:  +1.58  -0.09  +0.11 || 230      Gyro:  +44.98   +0.92   -0.50 || 230
Accel:  +1.49  -0.09  +0.12 || 235      Gyro:  +47.02   -1.78   -0.22 || 235
Accel:  +1.51  -0.11  +0.09 || 240      Gyro:  +50.24   -2.40   -0.60 || 240
Accel:  +1.50  -0.08  +0.11 || 245      Gyro:  +56.00   -5.34   -3.45 || 245
Accel:  +1.55  -0.07  +0.12 || 250      Gyro:  +49.03   +0.80   -0.14 || 250
Accel:  +1.59  -0.04  +0.15 || 255      Gyro:  +47.11   -2.15   +0.11 || 255
Accel:  +1.56  -0.07  +0.10 || 260      Gyro:  +48.18   -0.27   +1.10 || 260
Accel:  +1.54  -0.09  +0.11 || 265      Gyro:  +44.66   -1.21   +3.39 || 265
Accel:  +1.53  -0.08  +0.10 || 270      Gyro:  +52.65   +4.94   -1.02 || 270
Accel:  +1.57  -0.08  +0.11 || 275      Gyro:  +44.69   +8.08   +2.89 || 275
Accel:  +1.53  -0.06  +0.15 || 280      Gyro:  +47.22   -0.66   +5.65 || 280
Accel:  +1.49  -0.10  +0.13 || 285      Gyro:  +49.42   +0.18   +1.43 || 285
Accel:  +1.56  -0.07  +0.15 || 290      Gyro:  +47.33   +3.08   +2.44 || 290
Accel:  +1.52  -0.08  +0.14 || 295      Gyro:  +49.07   +3.05   +3.35 || 295
Accel:  +1.57  -0.09  +0.13 || 300      Gyro:  +54.79  +14.30   +3.53 || 300
Accel:  +1.62  -0.05  +0.19 || 305      Gyro:  +42.67  +60.52   -2.54 || 305
Accel:  +1.58  -0.07  +0.22 || 310      Gyro:  +42.07  +78.47   +3.12 || 310
Accel:  +1.55  -0.06  +0.21 || 315      Gyro:  +31.56  +74.41  +16.30 || 315
Accel:  +1.63  -0.08  +0.32 || 320      Gyro:  +31.81 +118.00  +20.52 || 320
Accel:  +1.55  -0.09  +0.45 || 325      Gyro:  +30.76 +111.66  +65.20 || 325
Accel:  +1.47  -0.21  +0.40 || 330      Gyro:  +50.97 +124.97 +111.02 || 330
Accel:  +1.15  -0.21  +0.59 || 335      Gyro:  +73.47 +164.40 +124.24 || 335
Accel:  +0.96  -0.28  +0.70 || 340      Gyro:  +73.72 +143.37 +100.35 || 340
Accel:  +0.87  -0.30  +0.79 || 345      Gyro:  +46.55  +89.22  +52.37 || 345
Accel:  +0.91  -0.34  +0.81 || 350      Gyro:  +46.31  +65.89  +35.97 || 350
Accel:  +0.86  -0.36  +0.84 || 355      Gyro:  +49.28  +70.41  +29.26 || 355
Accel:  +0.71  -0.37  +0.85 || 360      Gyro:  +56.42  +59.20  +22.29 || 360
Accel:  +0.67  -0.36  +0.86 || 365      Gyro:  +52.68  +37.58  +15.53 || 365
Accel:  +0.65  -0.39  +0.86 || 370      Gyro:  +52.47  +21.24  +10.34 || 370
Accel:  +0.68  -0.36  +0.87 || 375      Gyro:  +56.92  +14.60   +5.33 || 375
Accel:  +0.67  -0.35  +0.90 || 380      Gyro:  +57.07   +9.79   -0.82 || 380
Accel:  +0.64  -0.38  +0.87 || 385      Gyro:  +57.09   -4.75   -3.27 || 385
Accel:  +0.72  -0.35  +0.90 || 390      Gyro:  +53.12   -4.85   -6.54 || 390
Accel:  +0.76  -0.36  +0.88 || 395      Gyro:  +51.96   -6.13   -6.89 || 395