Accel:  +0.30  -0.38  +0.82 || 0        Gyro:  +53.11  -37.79  -12.27 || 0
Accel:  +0.26  -0.25  +0.98 || 5        Gyro:  +45.55  -81.23  -28.41 || 5
Accel:  +0.41  -0.32  +0.89 || 10       Gyro:  +48.18 -106.08  -44.29 || 10
Accel:  +0.60  -0.28  +0.89 || 15       Gyro:  +26.48 -140.48  -51.18 || 15
Accel:  +0.85  -0.34  +0.77 || 20       Gyro:  +42.42 -141.59  -55.68 || 20
Accel:  +0.92  -0.34  +0.73 || 25       Gyro:  +40.85 -161.85  -51.30 || 25
Accel:  +1.13  -0.27  +0.74 || 30       Gyro:  +43.95 -138.00  -55.70 || 30
Accel:  +1.15  -0.32  +0.59 || 35       Gyro:  +53.25 -122.19  -67.21 || 35
Accel:  +1.37  -0.19  +0.61 || 40       Gyro:  +58.66  -94.53  -63.69 || 40
Accel:  +1.34  -0.26  +0.29 || 45       Gyro: +100.50  -50.71  -70.02 || 45
Accel:  +1.35  -0.06  +0.57 || 50       Gyro:  +86.82  -44.83  -50.94 || 50
Accel:  +1.36  +0.01  +0.54 || 55       Gyro: +115.58  -26.33  -55.73 || 55
Accel:  +1.42  +0.05  +0.55 || 60       Gyro:  +84.29  -37.15  -33.00 || 60
Accel:  +1.53  +0.12  +0.65 || 65       Gyro:  +54.30  -53.15   -7.23 || 65
Accel:  +1.44  -0.01  +0.47 || 70       Gyro:  +29.74  -46.07  -27.24 || 70
Accel:  +1.60  +0.03  +0.39 || 75       Gyro:  +39.44  -41.02   -4.53 || 75
Accel:  +1.49  +0.04  +0.40 || 80       Gyro:  +36.14  -22.25   +6.69 || 80
Accel:  +1.50  -0.00  +0.32 || 85       Gyro:  +38.56   -9.82   +4.22 || 85
Accel:  +1.44  +0.03  +0.41 || 90       Gyro:  +47.00   -9.07   -0.44 || 90
Accel:  +1.45  +0.03  +0.37 || 95       Gyro:  +49.44   +3.84   -3.83 || 95
Accel:  +1.43  +0.03  +0.39 || 100      Gyro:  +55.96  +14.62  -25.79 || 100
Accel:  +1.45  +0.07  +0.45 || 105      Gyro:  +55.95   +1.63  -12.37 || 105
Accel:  +1.45  +0.06  +0.40 || 110      Gyro:  +51.12  -12.66   -2.27 || 110
Accel:  +1.48  +0.06  +0.36 || 115      Gyro:  +53.39   +4.95   -0.08 || 115
Accel:  +1.42  +0.08  +0.41 || 120      Gyro:  +53.16   +3.51   +1.37 || 120
Accel:  +1.46  +0.09  +0.40 || 125      Gyro:  +46.05   -4.06   +1.17 || 125
Accel:  +1.45  +0.06  +0.39 || 130      Gyro:  +51.54   -0.28   -2.08 || 130
Accel:  +1.47  +0.09  +0.43 || 135      Gyro:  +45.04   -6.26   +5.69 || 135
Accel:  +1.43  +0.04  +0.35 || 140      Gyro:  +45.79   -5.61   +0.89 || 140
Accel:  +1.45  +0.09  +0.42 || 145      Gyro:  +45.02   -5.40   +4.35 || 145
Accel:  +1.46  +0.07  +0.37 || 150      Gyro:  +43.98   -7.90   +2.27 || 150
Accel:  +1.51  +0.08  +0.36 || 155      Gyro:  +39.36   -2.79   +6.27 || 155
Accel:  +1.57  +0.07  +0.37 || 160      Gyro:  +36.08   +8.14  +14.19 || 160
Accel:  +1.61  +0.07  +0.38 || 165      Gyro:  +19.83  +30.33  +29.40 || 165
Accel:  +1.74  +0.03  +0.31 || 170      Gyro:   +3.13  +91.48  +59.52 || 170
Accel:  +1.58  +0.03  +0.52 || 175      Gyro:  -25.58 +133.39  +23.56 || 175
Accel:  +1.33  -0.17  +0.41 || 180      Gyro:  -16.56 +188.90  +48.69 || 180
Accel:  +1.37  -0.18  +0.55 || 185      Gyro:   -9.16 +154.33  +55.20 || 185
Accel:  +1.00  -0.22  +0.81 || 190      Gyro:  +14.21 +114.07  +70.56 || 190
Accel:  +0.95  -0.28  +0.82 || 195      Gyro:   +3.21  +88.50  +60.42 || 195
Accel:  +0.89  -0.43  +0.60 || 200      Gyro:  +43.69  +26.59  +87.45 || 200
Accel:  +0.77  -0.32  +0.82 || 205      Gyro:  +49.28  +71.91  +67.18 || 205
Accel:  +0.72  -0.37  +0.77 || 210      Gyro:  +56.73  +73.68  +56.96 || 210
Accel:  +0.61  -0.33  +0.85 || 215      Gyro:  +65.76  +54.07  +66.84 || 215
Accel:  +0.50  -0.35  +0.82 || 220      Gyro:  +60.15  +52.75  +71.26 || 220
Accel:  +0.25  -0.41  +0.84 || 225      Gyro:  +54.76  +54.37  +31.84 || 225
Accel:  +0.26  -0.35  +0.97 || 230      Gyro:  +64.41  +29.32  +11.10 || 230
Accel:  +0.47  -0.32  +1.04 || 235      Gyro:  +46.18   +2.28   -1.98 || 235
Accel:  +0.59  -0.40  +0.84 || 240      Gyro:  +36.05   +1.54   -4.33 || 240
Accel:  +0.59  -0.41  +0.86 || 245      Gyro:  +47.41  +12.84   +2.66 || 245
Accel:  +0.51  -0.41  +0.89 || 250      Gyro:  +47.82   +7.41   +2.43 || 250
Accel:  +0.47  -0.39  +0.91 || 255      Gyro:  +49.26   +0.82   -0.30 || 255
Accel:  +0.54  -0.38  +0.92 || 260      Gyro:  +44.89   -1.79   -0.34 || 260
Accel:  +0.53  -0.42  +0.85 || 265      Gyro:  +51.15   +0.21   -0.18 || 265
Accel:  +0.52  -0.40  +0.88 || 270      Gyro:  +50.66   +3.84   +0.61 || 270
Accel:  +0.51  -0.37  +0.95 || 275      Gyro:  +49.92   +3.64   +0.04 || 275
Accel:  +0.51  -0.39  +0.89 || 280      Gyro:  +45.69   -1.11   +0.71 || 280
Accel:  +0.52  -0.39  +0.91 || 285      Gyro:  +47.46   -4.54   -0.85 || 285
Accel:  +0.53  -0.40  +0.91 || 290      Gyro:  +46.88   -7.87   +4.21 || 290
Accel:  +0.50  -0.41  +0.87 || 295      Gyro:  +49.19   -0.13   +2.95 || 295
Accel:  +0.51  -0.39  +0.91 || 300      Gyro:  +46.11   -0.94   +0.69 || 300
Accel:  +0.53  -0.40  +0.90 || 305      Gyro:  +45.89   +3.77   -0.95 || 305
Accel:  +0.51  -0.41  +0.86 || 310      Gyro:  +48.80   +0.24   -0.66 || 310
Accel:  +0.51  -0.40  +0.89 || 315      Gyro:  +46.40   -0.43   -1.73 || 315
Accel:  +0.54  -0.40  +0.90 || 320      Gyro:  +45.98   -1.82   -0.91 || 320
Accel:  +0.54  -0.41  +0.87 || 325      Gyro:  +50.18   +3.97   +1.56 || 325
Accel:  +0.48  -0.37  +0.95 || 330      Gyro:  +46.76   +8.72   -0.34 || 330
Accel:  +0.50  -0.39  +0.90 || 335      Gyro:  +44.10   -2.03   -0.94 || 335
Accel:  +0.53  -0.42  +0.86 || 340      Gyro:  +50.30   +3.00   -2.42 || 340
Accel:  +0.53  -0.40  +0.90 || 345      Gyro:  +49.45   -2.72   +0.59 || 345
Accel:  +0.51  -0.40  +0.88 || 350      Gyro:  +48.18   -1.80   +2.95 || 350
Accel:  +0.50  -0.40  +0.90 || 355      Gyro:  +53.76   +6.00   +3.31 || 355
Accel:  +0.49  -0.39  +0.91 || 360      Gyro:  +46.41   +1.14   +3.43 || 360
Accel:  +0.50  -0.40  +0.86 || 365      Gyro:  +47.25   +1.32   -0.29 || 365
Accel:  +0.51  -0.40  +0.91 || 370      Gyro:  +49.13   -0.51   +0.55 || 370
Accel:  +0.50  -0.40  +0.91 || 375      Gyro:  +46.98   -0.48   -0.31 || 375
Accel:  +0.54  -0.40  +0.89 || 380      Gyro:  +47.26   -0.33   +1.75 || 380
Accel:  +0.51  -0.40  +0.88 || 385      Gyro:  +49.46   -0.53   +2.63 || 385
Accel:  +0.48  -0.40  +0.90 || 390      Gyro:  +48.08   +0.68   +1.36 || 390
Accel:  +0.51  -0.40  +0.88 || 395      Gyro:  +49.31   -2.60   +0.98 || 395