Accel:  +0.45  +0.05  +0.94 || 0        Gyro:  +40.32  -10.14   +4.78 || 0
Accel:  +0.51  +0.05  +0.89 || 5        Gyro:  +51.11   +3.79   -3.53 || 5
Accel:  +0.49  +0.13  +1.02 || 10       Gyro:  +58.45   +4.94   +0.26 || 10
Accel:  +0.50  +0.15  +1.01 || 15       Gyro:  +48.77   -1.60   +0.95 || 15
Accel:  +0.53  +0.09  +0.94 || 20       Gyro:  +47.71   +3.64   +2.41 || 20
Accel:  +0.51  +0.16  +1.01 || 25       Gyro:  +39.07   +0.24   +4.98 || 25
Accel:  +0.47  +0.08  +0.94 || 30       Gyro:  +41.18   +1.90   +4.42 || 30
Accel:  +0.47  +0.11  +0.97 || 35       Gyro:  +40.31   -1.13   +1.21 || 35
Accel:  +0.51  +0.07  +0.93 || 40       Gyro:  +40.95   -1.98   +2.83 || 40
Accel:  +0.45  +0.13  +1.11 || 45       Gyro:  +29.01   -8.59   -2.08 || 45
Accel:  +0.60  +0.05  +0.89 || 50       Gyro:  +21.14   -3.39   +4.73 || 50
Accel:  +0.51  +0.04  +0.96 || 55       Gyro:  +16.79   +4.15   +2.45 || 55
Accel:  +0.55  -0.01  +0.92 || 60       Gyro:   +4.98   +7.82   -1.76 || 60
Accel:  +0.49  -0.06  +0.96 || 65       Gyro:  +15.05   +5.04   +3.91 || 65
Accel:  +0.53  -0.03  +1.00 || 70       Gyro:  +10.41   -1.50   -0.99 || 70
Accel:  +0.51  -0.10  +0.94 || 75       Gyro:  +15.15   -1.98   +0.94 || 75
Accel:  +0.51  -0.15  +0.89 || 80       Gyro:  +15.98   -9.92   +7.15 || 80
Accel:  +0.50  -0.26  +0.80 || 85       Gyro:  +36.05   -5.90   +6.45 || 85
Accel:  +0.50  -0.11  +1.26 || 90       Gyro:  +12.32   -7.15   +5.43 || 90
Accel:  +0.71  -0.20  +1.03 || 95       Gyro:  -53.56  -16.84  +24.65 || 95
Accel:  +0.50  -0.38  +0.70 || 100      Gyro:   +1.73  +17.34  +30.98 || 100
Accel:  +0.38  -0.49  +0.52 || 105      Gyro:  +99.06  +40.60  -26.30 || 105
Accel:  +0.75  -0.33  +0.65 || 110      Gyro: +135.73  -26.34  +20.28 || 110
Accel:  +0.55  -0.36  +0.57 || 115      Gyro:  +98.75  +42.06  +10.53 || 115
Accel:  +0.12  +0.13  +1.48 || 120      Gyro: +146.24  +26.39  +14.08 || 120
Accel:  +0.68  +0.20  +1.24 || 125      Gyro:  +14.01  -46.72  -15.75 || 125
Accel:  +0.53  +0.18  +1.64 || 130      Gyro:  -80.37  -33.05  +26.89 || 130
Accel:  +0.54  -0.10  +1.11 || 135      Gyro: -216.76  -60.24   +5.60 || 135
Accel:  +0.39  +0.04  +1.70 || 140      Gyro: -250.14  -28.73  -58.40 || 140
Accel:  +0.67  -0.48  +0.84 || 145      Gyro: -145.18  +51.32  +43.39 || 145
Accel:  +0.43  -0.77  +0.30 || 150      Gyro: -104.79  +70.66  +58.50 || 150
Accel:  +0.34  -0.83  +0.29 || 155      Gyro:  -63.96  +23.96  +33.80 || 155
Accel:  +0.34  -0.85  +0.28 || 160      Gyro:  -21.18  +21.68  +36.73 || 160
Accel:  +0.33  -0.94  +0.19 || 165      Gyro:  -11.26  +10.44  +35.76 || 165
Accel:  +0.16  -0.96  +0.24 || 170      Gyro:  +13.16   -2.70  +24.05 || 170
Accel:  +0.25  -0.87  +0.36 || 175      Gyro:  +41.37  -18.60  +17.53 || 175
Accel:  +0.30  -0.96  +0.03 || 180      Gyro:  +52.18   -8.29   +5.60 || 180
Accel:  +0.29  -0.95  +0.17 || 185      Gyro:  +60.66   -0.71   +1.60 || 185
Accel:  +0.31  -0.93  +0.30 || 190      Gyro:  +56.99   +1.07   -5.39 || 190
Accel:  +0.31  -1.00  +0.18 || 195      Gyro:  +60.03   -5.27   -2.59 || 195
Accel:  +0.37  -0.99  +0.28 || 200      Gyro:  +64.48   +1.42   -9.80 || 200
Accel:  +0.37  -0.95  +0.31 || 205      Gyro:  +74.33   -3.92   -2.28 || 205
Accel:  +0.29  -0.94  +0.25 || 210      Gyro:  +73.92   -7.81   -6.71 || 210
Accel:  +0.31  -0.92  +0.32 || 215      Gyro:  +76.64  -11.59  -11.76 || 215
Accel:  +0.35  -0.95  +0.25 || 220      Gyro:  +94.62  -14.35   -9.15 || 220
Accel:  -0.01  -0.92  +0.31 || 225      Gyro: +133.72  -26.48  -22.21 || 225
Accel:  +0.33  -0.90  +0.04 || 230      Gyro: +198.08   +6.04  -53.73 || 230
Accel:  +0.54  -0.64  +0.58 || 235      Gyro: +210.59   +1.04  -54.23 || 235
Accel:  +0.53  -0.40  +1.18 || 240      Gyro: +182.87   +0.86  -33.40 || 240
Accel:  +0.57  -0.64  +0.16 || 245      Gyro: +245.34   -6.09  -14.11 || 245
Accel:  +0.81  -0.23  +0.71 || 250      Gyro: +226.94  -26.73  -41.43 || 250
Accel:  +0.04  +0.18  +1.64 || 255      Gyro: +250.13  -98.99  +43.06 || 255
Accel:  +0.77  +0.14  +1.18 || 260      Gyro: +208.46 -212.81  +36.22 || 260
Accel:  +0.62  +0.27  +1.16 || 265      Gyro: +230.92  +99.45   -3.83 || 265
Accel:  +1.04  +0.16  +0.30 || 270      Gyro: +184.68  +15.61  -13.04 || 270
Accel:  +0.40  +0.39  +1.82 || 275      Gyro:  +93.82  -11.80   -8.90 || 275
Accel:  +1.00  +0.44  +0.79 || 280      Gyro:  +82.93  +66.16  -21.69 || 280
Accel:  +0.43  +0.49  +1.07 || 285      Gyro:  +48.66  +18.52   -6.37 || 285
Accel:  +0.64  +0.36  +0.80 || 290      Gyro:  +62.83  +31.60  -11.19 || 290
Accel:  +0.57  +0.45  +1.06 || 295      Gyro:  +56.67   -3.11   +3.93 || 295
Accel:  +0.60  +0.46  +0.97 || 300      Gyro:  +41.05   +1.57   -5.79 || 300
Accel:  +0.64  +0.39  +0.73 || 305      Gyro:  +41.95   +3.76   +3.94 || 305
Accel:  +0.58  +0.40  +0.88 || 310      Gyro:  +43.87  +22.75   -7.24 || 310
Accel:  +0.57  +0.35  +0.75 || 315      Gyro:  +41.45  -12.90   +5.59 || 315
Accel:  +0.65  +0.42  +0.93 || 320      Gyro:  +46.93  +21.55  -15.52 || 320
Accel:  +0.50  +0.38  +0.92 || 325      Gyro:  +44.51   -2.05   -1.73 || 325
Accel:  +0.64  +0.35  +0.79 || 330      Gyro:  +46.33  +11.53   +0.47 || 330
Accel:  +0.46  +0.38  +0.97 || 335      Gyro:  +54.53   -3.28   +6.86 || 335
Accel:  +0.60  +0.39  +0.84 || 340      Gyro:  +45.37   +8.29   -1.51 || 340
Accel:  +0.52  +0.46  +1.03 || 345      Gyro:  +40.24  -18.74  +13.83 || 345
Accel:  +0.65  +0.36  +0.75 || 350      Gyro:  +24.37  +21.70   -9.39 || 350
Accel:  +0.51  +0.33  +0.90 || 355      Gyro:  +31.24   -7.49   +4.86 || 355
Accel:  +0.59  +0.31  +0.78 || 360      Gyro:  +40.89  +16.11   -3.47 || 360
Accel:  +0.57  +0.33  +0.90 || 365      Gyro:  +43.91   +9.92   -2.01 || 365
Accel:  +0.57  +0.32  +0.84 || 370      Gyro:  +49.27   +5.93   -5.23 || 370
Accel:  +0.53  +0.35  +0.94 || 375      Gyro:  +43.21   -2.05   +4.15 || 375
Accel:  +0.53  +0.29  +0.85 || 380      Gyro:  +53.71  +18.95   +1.45 || 380
Accel:  +0.53  +0.29  +0.84 || 385      Gyro:  +60.21   +8.79   +0.42 || 385
Accel:  +0.52  +0.29  +0.80 || 390      Gyro: +104.95  +59.58  +11.08 || 390
Accel:  +0.21  +0.41  +0.55 || 395      Gyro: +182.49 +173.22  -49.15 || 395