Accel:  +0.64  +0.02  +1.02 || 0        Gyro:  +54.39  -17.18   -5.53 || 0
Accel:  +0.68  +0.02  +0.95 || 5        Gyro:  +48.68   -2.77   -2.30 || 5
Accel:  +0.68  +0.00  +0.93 || 10       Gyro:  +52.50   -0.98   +1.34 || 10
Accel:  +0.63  +0.01  +0.99 || 15       Gyro:  +53.94   +3.75   +2.05 || 15
Accel:  +0.65  +0.03  +0.96 || 20       Gyro:  +50.60   +1.48   -2.19 || 20
Accel:  +0.62  +0.01  +0.96 || 25       Gyro:  +51.96   -1.71   +0.91 || 25
Accel:  +0.63  +0.00  +0.92 || 30       Gyro:  +48.63   +4.49   +0.16 || 30
Accel:  +0.59  +0.02  +0.97 || 35       Gyro:  +51.16   -6.00   +1.56 || 35
Accel:  +0.69  -0.00  +0.94 || 40       Gyro:  +51.89   +7.72   +2.55 || 40
Accel:  +0.60  +0.03  +0.98 || 45       Gyro:  +51.21   +1.02   +1.47 || 45
Accel:  +0.62  +0.03  +0.99 || 50       Gyro:  +47.18   +4.64   +1.09 || 50
Accel:  +0.64  +0.01  +0.90 || 55       Gyro:  +51.85   +5.68   +4.03 || 55
Accel:  +0.62  +0.05  +0.99 || 60       Gyro:  +50.80   -0.24   +0.47 || 60
Accel:  +0.63  +0.04  +0.99 || 65       Gyro:  +47.56   -1.98   +0.53 || 65
Accel:  +0.65  +0.02  +0.92 || 70       Gyro:  +54.88   +4.89   -0.12 || 70
Accel:  +0.64  +0.07  +1.06 || 75       Gyro:  +51.09   -1.48   +0.56 || 75
Accel:  +0.62  +0.07  +1.00 || 80       Gyro:  +43.63   +5.18   +0.54 || 80
Accel:  +0.66  +0.10  +1.22 || 85       Gyro:   +2.00  -25.06   -1.50 || 85
Accel:  +0.78  +0.09  +1.24 || 90       Gyro:  -53.99  -18.24  +12.86 || 90
Accel:  +0.68  -0.06  +1.03 || 95       Gyro:  -73.58  +24.29  +26.57 || 95
Accel:  +0.72  -0.05  +1.31 || 100      Gyro: -102.63  +15.00  +19.32 || 100
Accel:  +0.75  -0.00  +1.72 || 105      Gyro: -212.58  -27.76  +35.24 || 105
Accel:  +0.69  -0.23  +1.21 || 110      Gyro: -250.14  +88.16  +20.95 || 110
Accel:  +0.77  -0.42  -0.26 || 115      Gyro: -232.22  +89.76  +13.11 || 115
Accel:  +0.31  -0.85  -0.39 || 120      Gyro:  -78.30  +54.90  +56.24 || 120
Accel:  +0.19  -0.92  +0.04 || 125      Gyro:  -15.60  +17.73  +14.92 || 125
Accel:  +0.32  -0.99  +0.29 || 130      Gyro:  +27.74   -4.46   +3.52 || 130
Accel:  +0.50  -0.95  -0.08 || 135      Gyro:  +65.90  -19.40   +8.05 || 135
Accel:  +0.29  -0.94  +0.20 || 140      Gyro:  +77.28  -12.72   -1.44 || 140
Accel:  +0.54  -1.00  +0.21 || 145      Gyro:  +78.51   -5.53  -11.04 || 145
Accel:  +0.33  -0.97  +0.22 || 150      Gyro:  +76.18  -10.87   -5.27 || 150
Accel:  +0.44  -0.87  +0.26 || 155      Gyro:  +97.54  -19.64  -13.09 || 155
Accel:  +0.37  -1.00  +0.06 || 160      Gyro: +131.48  -16.95  -16.17 || 160
Accel:  +0.46  -0.92  -0.18 || 165      Gyro: +206.92  -39.02  -42.50 || 165
Accel:  +0.25  -0.21  +1.03 || 170      Gyro: +250.13  -37.28  -22.47 || 170
Accel:  +0.74  -0.69  -0.21 || 175      Gyro: +250.13  -11.87  -69.66 || 175
Accel:  +0.63  +0.62  +1.67 || 180      Gyro: +250.13  -14.29  -21.31 || 180
Accel:  +0.93  +0.49  +0.92 || 185      Gyro: +250.13  -38.21   +3.91 || 185
Accel:  +0.78  +0.79  +2.00 || 190      Gyro:  +99.76  -85.15  -18.02 || 190
Accel:  +0.71  +0.39  +0.94 || 195      Gyro: +129.18 +143.44   -8.07 || 195
Accel:  +0.70  +0.25  +0.78 || 200      Gyro:   +6.07   -5.11   +8.32 || 200
Accel:  +0.57  +0.29  +1.00 || 205      Gyro:   -2.07   -9.53   +2.73 || 205
Accel:  +0.62  +0.19  +0.80 || 210      Gyro:  +41.08   +3.53   +5.42 || 210
Accel:  +0.65  +0.18  +0.88 || 215      Gyro:  +40.20   +1.51   -0.99 || 215
Accel:  +0.60  +0.25  +1.12 || 220      Gyro:  +33.88   -6.13   +1.77 || 220
Accel:  +0.65  +0.19  +0.92 || 225      Gyro:  +38.26   +8.93   +3.00 || 225
Accel:  +0.60  +0.17  +0.96 || 230      Gyro:  +33.40   -4.13   +6.56 || 230
Accel:  +0.62  +0.17  +1.02 || 235      Gyro:  +21.93   +3.79   -3.99 || 235
Accel:  +0.62  +0.14  +0.91 || 240      Gyro:  +27.67   -0.17   -0.08 || 240
Accel:  +0.63  +0.15  +1.01 || 245      Gyro:  +14.08   -4.62   -0.61 || 245
Accel:  +0.63  +0.14  +1.09 || 250      Gyro:  +10.50   +9.66   +7.34 || 250
Accel:  +0.71  +0.18  +1.03 || 255      Gyro:   -0.77  +27.08   +2.49 || 255
Accel:  +0.59  +0.11  +0.98 || 260      Gyro:  +35.73  +27.92  +15.69 || 260
Accel:  +0.79  +0.14  +0.93 || 265      Gyro:  +48.31  +77.17  +46.46 || 265
Accel:  +0.54  -0.09  +0.81 || 270      Gyro:   +4.11  +37.72   -0.52 || 270
Accel:  +0.59  -0.11  +0.95 || 275      Gyro:   +9.74  +50.73  +17.98 || 275
Accel:  +0.29  -0.21  +0.80 || 280      Gyro:  +41.05  +41.73   +8.74 || 280
Accel:  -0.09  -0.65  +0.57 || 285      Gyro: +100.50  -34.88  +19.24 || 285
Accel:  +0.20  -0.57  +0.43 || 290      Gyro: +250.13 -114.40  -70.53 || 290
Accel:  +0.24  -0.78  +1.00 || 295      Gyro: +250.13 -152.21  +46.11 || 295
Accel:  +0.83  +0.31  -0.27 || 300      Gyro: +250.13  -53.61  -39.91 || 300
Accel:  +0.87  +0.95  -1.12 || 305      Gyro: +250.13 +250.13 -250.14 || 305
Accel:  +1.00  -0.64  +0.24 || 310      Gyro:  -27.50  -59.21  +12.69 || 310
Accel:  +0.85  +0.25  +0.14 || 315      Gyro: +195.47  +84.48  -71.62 || 315
Accel:  +0.53  +0.61  +0.30 || 320      Gyro:  -64.95  +15.31   +6.91 || 320
Accel:  +0.61  +0.24  +0.11 || 325      Gyro: +183.90  +99.63  -55.60 || 325
Accel:  +0.65  -0.03  +0.15 || 330      Gyro: +100.54  +13.98  +61.03 || 330
Accel:  +0.31  +1.10  +0.32 || 335      Gyro:  +49.87   -4.63   +8.56 || 335
Accel:  +0.41  +0.93  +0.30 || 340      Gyro:  +48.73   -0.27   +1.55 || 340
Accel:  +0.43  +0.92  +0.30 || 345      Gyro:  +49.61   -0.14   +1.60 || 345
Accel:  +0.44  +0.94  +0.28 || 350      Gyro:  +49.11   -0.09   +1.42 || 350
Accel:  +0.40  +0.92  +0.29 || 355      Gyro:  +49.20   -0.38   +1.30 || 355
Accel:  +0.44  +0.93  +0.28 || 360      Gyro:  +48.55   -0.31   +0.96 || 360
Accel:  +0.41  +0.92  +0.29 || 365      Gyro:  +48.68   +0.05   +1.15 || 365
Accel:  +0.40  +0.93  +0.29 || 370      Gyro:  +48.51   -0.24   +1.16 || 370
Accel:  +0.39  +0.93  +0.28 || 375      Gyro:  +48.61   -0.23   +1.11 || 375
Accel:  +0.44  +0.94  +0.28 || 380      Gyro:  +48.53   -0.33   +0.92 || 380
Accel:  +0.44  +0.94  +0.30 || 385      Gyro:  +48.92   -0.12   +1.59 || 385
Accel:  +0.42  +0.94  +0.27 || 390      Gyro:  +49.76   -0.37   +2.80 || 390
Accel:  +0.42  +0.94  +0.28 || 395      Gyro:  +48.47   -0.11   +1.00 || 395