Accel:  +0.57  +0.66  +0.81 || 0        Gyro:  +57.18   +1.90   -2.42 || 0
Accel:  +0.49  +0.55  +0.71 || 5        Gyro:  +48.33   -0.72   -0.68 || 5
Accel:  +0.53  +0.67  +0.84 || 10       Gyro:  +40.08   -4.47   +1.80 || 10
Accel:  +0.50  +0.61  +0.79 || 15       Gyro:  +30.66   +0.87   +1.24 || 15
Accel:  +0.53  +0.53  +0.71 || 20       Gyro:  +32.48   -7.71  +16.72 || 20
Accel:  +0.43  +0.70  +0.94 || 25       Gyro:  +22.18  -17.64  +15.23 || 25
Accel:  +0.44  +0.51  +0.78 || 30       Gyro:  +43.21   +5.14   -3.78 || 30
Accel:  +0.51  +0.58  +0.83 || 35       Gyro:  +37.34   +1.51   +1.00 || 35
Accel:  +0.52  +0.61  +0.88 || 40       Gyro:  +26.43   +5.58   -1.28 || 40
Accel:  +0.49  +0.45  +0.73 || 45       Gyro:  +28.92   -2.92   +7.15 || 45
Accel:  +0.54  +0.47  +0.77 || 50       Gyro:  +29.19   +5.69   -3.12 || 50
Accel:  +0.49  +0.48  +0.80 || 55       Gyro:  +39.82  +10.88   -5.82 || 55
Accel:  +0.46  +0.50  +0.88 || 60       Gyro:  +42.53   -7.18   +3.40 || 60
Accel:  +0.54  +0.50  +0.86 || 65       Gyro:  +40.76   -0.82   -0.84 || 65
Accel:  +0.52  +0.43  +0.80 || 70       Gyro:  +39.95   -7.33   +2.55 || 70
Accel:  +0.55  +0.55  +0.93 || 75       Gyro:  +37.77   -7.05   -0.47 || 75
Accel:  +0.59  +0.57  +0.96 || 80       Gyro:   +5.60   -7.83   +2.71 || 80
Accel:  +0.52  +0.51  +0.94 || 85       Gyro:  -19.81   -3.34   +4.88 || 85
Accel:  +0.53  +0.51  +1.02 || 90       Gyro:  -53.64  -15.15  +23.03 || 90
Accel:  +0.62  +0.41  +1.01 || 95       Gyro:  -66.15   -5.60  +25.12 || 95
Accel:  +0.49  +0.55  +1.32 || 100      Gyro: -126.53   -0.96  +25.19 || 100
Accel:  +0.66  +0.33  +1.05 || 105      Gyro: -143.90   -1.34  +32.82 || 105
Accel:  +0.60  +0.08  +0.94 || 110      Gyro: -162.88  +27.98  +12.35 || 110
Accel:  +0.59  -0.30  +0.53 || 115      Gyro: -166.18  +26.16   -9.77 || 115
Accel:  +0.56  -0.55  +0.40 || 120      Gyro:  -74.40  +40.17   -3.71 || 120
Accel:  +0.25  -0.73  +0.54 || 125      Gyro:  -27.70  +39.32  -18.65 || 125
Accel:  +0.34  -0.70  +0.58 || 130      Gyro:   -5.46   +1.42  -31.95 || 130
Accel:  +0.46  -0.85  +0.55 || 135      Gyro:  +27.07   -7.36  -25.15 || 135
Accel:  +0.49  -0.81  +0.60 || 140      Gyro:  +31.16  -19.93  -23.15 || 140
Accel:  +0.59  -0.81  +0.66 || 145      Gyro:  +45.27  -19.78   -9.15 || 145
Accel:  +0.56  -0.84  +0.52 || 150      Gyro:  +54.16  -14.91   +0.08 || 150
Accel:  +0.70  -0.62  +0.74 || 155      Gyro:  +57.05   -5.02   -1.99 || 155
Accel:  +0.57  -0.68  +0.65 || 160      Gyro:  +58.65   +5.21   +2.64 || 160
Accel:  +0.56  -0.68  +0.79 || 165      Gyro:  +63.45   +5.74   +2.73 || 165
Accel:  +0.54  -0.66  +0.72 || 170      Gyro:  +60.69   +0.85   -0.21 || 170
Accel:  +0.55  -0.80  +0.58 || 175      Gyro:  +70.61   +3.92   -7.18 || 175
Accel:  +0.62  -0.74  +0.58 || 180      Gyro:  +84.76  +10.08  -12.63 || 180
Accel:  +0.51  -0.63  +0.75 || 185      Gyro:  +84.60   +8.43  -13.62 || 185
Accel:  +0.66  -0.72  +0.56 || 190      Gyro:  +82.50   +5.97  -12.82 || 190
Accel:  +0.52  -0.59  +0.73 || 195      Gyro:  +81.20  +21.06  -18.24 || 195
Accel:  +0.61  -0.72  +0.61 || 200      Gyro:  +79.27  +26.44  -42.47 || 200
Accel:  +0.23  -0.10  +1.21 || 205      Gyro:  +83.56  -30.65   -1.40 || 205
Accel:  +0.67  -0.41  +0.91 || 210      Gyro:  +93.56  -19.23   -5.95 || 210
Accel:  +0.41  -0.38  +0.81 || 215      Gyro: +113.34  -34.04   -2.28 || 215
Accel:  +0.47  -0.09  +1.19 || 220      Gyro: +129.19   +5.05  -17.98 || 220
Accel:  +0.61  -0.39  +0.75 || 225      Gyro:  +95.11  -76.99  +58.82 || 225
Accel:  +0.62  -0.17  +1.16 || 230      Gyro:  +45.54  -12.84  -12.78 || 230
Accel:  +0.58  -0.24  +0.76 || 235      Gyro: +139.78  +74.75  -45.82 || 235
Accel:  +0.84  -0.41  +0.41 || 240      Gyro: +120.50  -34.90  +29.37 || 240
Accel:  +0.72  +0.15  +1.27 || 245      Gyro: +121.69  -26.58   -7.92 || 245
Accel:  +0.33  +0.37  +1.51 || 250      Gyro:  +92.22  +27.60  -21.64 || 250
Accel:  +0.79  +0.17  +1.07 || 255      Gyro:  +79.12  +56.58  -28.79 || 255
Accel:  +0.26  +0.25  +1.19 || 260      Gyro:  +89.50  -30.58  +10.35 || 260
Accel:  +0.88  +0.09  +0.91 || 265      Gyro: +108.84   -4.50   -4.71 || 265
Accel:  +0.56  +0.38  +1.43 || 270      Gyro:  +72.44  -11.98   -7.02 || 270
Accel:  +0.75  +0.07  +0.81 || 275      Gyro:  +68.79  +29.50   +3.08 || 275
Accel:  +0.48  +0.18  +0.93 || 280      Gyro:  +69.35  -19.25   +5.44 || 280
Accel:  +0.52  +0.23  +0.92 || 285      Gyro:  +73.21  +16.64   +1.29 || 285
Accel:  +0.69  +0.25  +0.91 || 290      Gyro:  +63.67  +25.90  -17.20 || 290
Accel:  +0.62  +0.27  +0.87 || 295      Gyro:  +72.34  +12.26   +8.76 || 295
Accel:  +0.37  +0.12  +0.90 || 300      Gyro:  +92.27  +21.40  -14.28 || 300
Accel:  +0.51  +0.35  +1.05 || 305      Gyro:  +51.78   +3.60   -7.95 || 305
Accel:  +0.67  +0.28  +0.81 || 310      Gyro:  +56.05  +11.29   +1.92 || 310
Accel:  +0.49  +0.31  +1.01 || 315      Gyro:  +54.21   +1.36   -1.84 || 315
Accel:  +0.54  +0.28  +0.88 || 320      Gyro:  +65.65   -0.15   +0.08 || 320
Accel:  +0.69  +0.28  +0.82 || 325      Gyro:  +52.36   +5.21   +1.47 || 325
Accel:  +0.52  +0.34  +0.97 || 330      Gyro:  +47.81   -5.69   +2.06 || 330
Accel:  +0.55  +0.29  +0.89 || 335      Gyro:  +49.68   -2.98   +2.81 || 335
Accel:  +0.58  +0.32  +0.91 || 340      Gyro:  +45.50   -7.47   +1.18 || 340
Accel:  +0.56  +0.31  +0.92 || 345      Gyro:  +48.79   +3.02   +1.31 || 345
Accel:  +0.61  +0.31  +0.88 || 350      Gyro:  +52.89   +0.68   +0.53 || 350
Accel:  +0.50  +0.34  +0.96 || 355      Gyro:  +50.74   +2.65   +1.00 || 355
Accel:  +0.59  +0.30  +0.89 || 360      Gyro:  +53.01   +6.18   +1.05 || 360
Accel:  +0.50  +0.28  +0.85 || 365      Gyro:  +48.76   -1.89   +2.00 || 365
Accel:  +0.59  +0.33  +0.91 || 370      Gyro:  +57.99   +2.81   +3.07 || 370
Accel:  +0.49  +0.35  +0.96 || 375      Gyro:  +53.98   +2.31   +1.21 || 375
Accel:  +0.61  +0.32  +0.90 || 380      Gyro:  +53.25   +1.89   +2.21 || 380
Accel:  +0.50  +0.34  +0.91 || 385      Gyro:  +53.47   -5.01   +2.77 || 385
Accel:  +0.54  +0.35  +0.89 || 390      Gyro:  +59.24   +6.58   -0.05 || 390
Accel:  +0.55  +0.37  +0.95 || 395      Gyro:  +52.19   -0.83   +0.41 || 395