Accel:  +0.67  +0.17  +0.94 || 0        Gyro:  +69.85   +0.51   +0.30 || 0
Accel:  +0.67  +0.20  +0.96 || 5        Gyro:  +61.44  +14.18   -0.22 || 5
Accel:  +0.64  +0.18  +0.94 || 10       Gyro:  +68.91  +20.24   -2.38 || 10
Accel:  +0.64  +0.23  +1.00 || 15       Gyro:  +63.83   +4.11   -3.94 || 15
Accel:  +0.72  +0.23  +0.82 || 20       Gyro:  +73.55   -3.82   -2.48 || 20
Accel:  +0.75  +0.26  +0.95 || 25       Gyro:  +87.11  +22.96   +2.10 || 25
Accel:  +0.60  +0.36  +1.11 || 30       Gyro:  +40.05   +4.44   +4.25 || 30
Accel:  +0.65  +0.54  +1.59 || 35       Gyro:  -79.71  -56.01  +15.82 || 35
Accel:  +0.95  +0.37  +1.35 || 40       Gyro: -183.24  -45.89  +49.38 || 40
Accel:  +0.77  +0.04  +0.77 || 45       Gyro: -117.04  -34.28  +61.27 || 45
Accel:  +0.68  -0.40  +0.55 || 50       Gyro:  -89.03  +33.19  +62.93 || 50
Accel:  +0.70  -0.30  +0.95 || 55       Gyro: -106.96  +24.90  +60.39 || 55
Accel:  +0.72  -0.41  +1.02 || 60       Gyro: -112.74  -14.73  +70.38 || 60
Accel:  +0.65  -0.63  +0.47 || 65       Gyro: -110.69   +8.73  +53.47 || 65
Accel:  +0.74  -0.79  +0.40 || 70       Gyro:  -75.26  +60.97  +65.05 || 70
Accel:  +0.30  -0.77  +0.36 || 75       Gyro:  -48.17  +51.37  +71.51 || 75
Accel:  +0.23  -0.86  +0.34 || 80       Gyro:  -25.89  +41.16  +32.14 || 80
Accel:  +0.31  -0.90  +0.30 || 85       Gyro:  -12.98  +27.34  +28.60 || 85
Accel:  +0.26  -0.85  +0.35 || 90       Gyro:  +18.95   +4.46  +21.50 || 90
Accel:  +0.20  -0.85  +0.33 || 95       Gyro:  +44.85  -16.09   +0.91 || 95
Accel:  +0.35  -0.90  +0.37 || 100      Gyro:  +49.53  -12.08  -12.84 || 100
Accel:  +0.30  -0.87  +0.44 || 105      Gyro:  +63.64   +1.69   -9.63 || 105
Accel:  +0.34  -0.91  +0.24 || 110      Gyro:  +97.10   +6.52  -31.79 || 110
Accel:  +0.44  -0.91  +0.35 || 115      Gyro: +133.50  -14.98  -45.59 || 115
Accel:  +0.42  -0.74  +0.52 || 120      Gyro: +175.24   +1.07  -35.09 || 120
Accel:  +0.46  -0.84  +0.35 || 125      Gyro: +200.76  +28.42  -29.91 || 125
Accel:  +0.52  -0.16  +1.34 || 130      Gyro: +229.20  -35.21  -25.28 || 130
Accel:  +0.52  -0.84  -0.71 || 135      Gyro: +250.13  -17.22  -42.45 || 135
Accel:  +0.38  -0.60  +0.53 || 140      Gyro: +250.13  +25.62  -53.86 || 140
Accel:  +0.41  +0.63  +1.47 || 145      Gyro: +250.13  -65.44  -41.66 || 145
Accel:  +0.93  +0.20  +0.64 || 150      Gyro: +143.18  -81.55  -64.89 || 150
Accel:  +0.57  +0.81  +1.69 || 155      Gyro: +230.01  +53.63   -8.69 || 155
Accel:  +1.24  +0.93  +1.03 || 160      Gyro:  +54.98  -67.85   -3.50 || 160
Accel:  +0.63  +0.70  +1.49 || 165      Gyro:  -22.50  -33.31   +0.10 || 165
Accel:  +0.76  +0.52  +0.95 || 170      Gyro:  +65.30  +30.85   +8.57 || 170
Accel:  +0.58  +0.35  +0.84 || 175      Gyro:  +41.28   +6.03   +0.40 || 175
Accel:  +0.69  +0.40  +0.81 || 180      Gyro:  +20.50  -12.44   +9.26 || 180
Accel:  +0.71  +0.36  +0.81 || 185      Gyro:   +9.28  +24.83   +2.23 || 185
Accel:  +0.71  +0.27  +0.77 || 190      Gyro:   +5.31   +2.21   +5.44 || 190
Accel:  +0.70  +0.28  +0.76 || 195      Gyro:  +21.26   +6.06   +6.33 || 195
Accel:  +0.60  +0.23  +0.83 || 200      Gyro:  +49.06   +9.38   -1.17 || 200
Accel:  +0.68  +0.30  +0.98 || 205      Gyro:  +45.47   +0.84   -2.72 || 205
Accel:  +0.59  +0.26  +0.93 || 210      Gyro:  +43.56   -1.67   +3.73 || 210
Accel:  +0.63  +0.26  +0.91 || 215      Gyro:  +40.68   -0.80   +0.44 || 215
Accel:  +0.66  +0.26  +0.97 || 220      Gyro:  +36.89   +0.55   -0.53 || 220
Accel:  +0.67  +0.26  +0.89 || 225      Gyro:  +46.73   +3.79   +1.32 || 225
Accel:  +0.61  +0.26  +0.95 || 230      Gyro:  +42.59   +0.97   +1.69 || 230
Accel:  +0.62  +0.25  +1.02 || 235      Gyro:  +36.33   +4.16   +1.03 || 235
Accel:  +0.65  +0.22  +0.87 || 240      Gyro:  +42.83   +9.15   +2.50 || 240
Accel:  +0.61  +0.21  +0.89 || 245      Gyro:  +44.54   +4.79   +2.14 || 245
Accel:  +0.64  +0.23  +0.94 || 250      Gyro:  +48.04   -1.09   -3.44 || 250
Accel:  +0.68  +0.24  +0.90 || 255      Gyro:  +43.15   +0.94   -2.29 || 255
Accel:  +0.70  +0.24  +0.93 || 260      Gyro:  +42.47   +1.81   -1.34 || 260
Accel:  +0.58  +0.19  +0.89 || 265      Gyro:  +45.59   +3.79   +0.52 || 265
Accel:  +0.64  +0.21  +0.92 || 270      Gyro:  +49.15   +2.89   -0.04 || 270
Accel:  +0.65  +0.24  +0.92 || 275      Gyro:  +46.56   -0.15   +0.76 || 275
Accel:  +0.63  +0.19  +0.86 || 280      Gyro:  +47.12   -0.05   +1.07 || 280
Accel:  +0.61  +0.21  +0.92 || 285      Gyro:  +48.68   +1.04   -0.31 || 285
Accel:  +0.61  +0.22  +1.00 || 290      Gyro:  +47.16   -3.06   -1.98 || 290
Accel:  +0.60  +0.21  +0.93 || 295      Gyro:  +40.61  -10.01   -4.07 || 295
Accel:  +0.62  +0.20  +0.98 || 300      Gyro:  +44.36   -0.52   -7.29 || 300
Accel:  +0.68  +0.20  +0.92 || 305      Gyro:  +49.79   -2.22   -0.86 || 305
Accel:  +0.63  +0.21  +0.93 || 310      Gyro:  +48.14   +4.47   +1.08 || 310
Accel:  +0.64  +0.22  +0.94 || 315      Gyro:  +47.37   -1.85   +2.54 || 315
Accel:  +0.62  +0.19  +0.85 || 320      Gyro:  +44.53   -4.70   +0.01 || 320
Accel:  +0.62  +0.24  +1.03 || 325      Gyro:  +55.09   +7.47   -0.52 || 325
Accel:  +0.65  +0.22  +0.97 || 330      Gyro:  +48.13   -1.10   +1.05 || 330
Accel:  +0.63  +0.20  +0.91 || 335      Gyro:  +48.17   -0.48   +2.61 || 335
Accel:  +0.64  +0.20  +0.95 || 340      Gyro:  +45.06   -2.97   +3.40 || 340
Accel:  +0.65  +0.20  +0.88 || 345      Gyro:  +48.98   -0.10   +0.54 || 345
Accel:  +0.61  +0.22  +0.98 || 350      Gyro:  +47.69   +1.68   -0.52 || 350
Accel:  +0.65  +0.21  +0.91 || 355      Gyro:  +44.08   +0.31   +0.63 || 355
Accel:  +0.63  +0.20  +0.91 || 360      Gyro:  +47.96   -2.56   +0.63 || 360
Accel:  +0.65  +0.22  +0.97 || 365      Gyro:  +39.07   -5.37   +1.49 || 365
Accel:  +0.64  +0.18  +0.91 || 370      Gyro:  +44.79   +2.98   +3.13 || 370
Accel:  +0.64  +0.19  +0.96 || 375      Gyro:  +48.13   +4.13   +0.09 || 375
Accel:  +0.60  +0.20  +0.96 || 380      Gyro:  +48.11   +2.08   +2.49 || 380
Accel:  +0.64  +0.19  +0.93 || 385      Gyro:  +44.89   -0.85   +2.50 || 385
Accel:  +0.61  +0.16  +0.88 || 390      Gyro:  +50.83   -0.23   +1.52 || 390
Accel:  +0.65  +0.19  +0.95 || 395      Gyro:  +51.44   +1.11   +1.77 || 395