Accel:  +0.38  +0.10  +0.98 || 0        Gyro:  +53.61   -4.38   +3.03 || 0
Accel:  +0.39  +0.15  +0.97 || 5        Gyro:  +61.66   +5.44   -2.17 || 5
Accel:  +0.43  +0.15  +1.00 || 10       Gyro:  +54.94  -24.11   -0.75 || 10
Accel:  +0.52  +0.12  +0.92 || 15       Gyro:  +48.92  -13.53   -7.31 || 15
Accel:  +0.47  +0.13  +0.92 || 20       Gyro:  +71.35   +1.40   +1.98 || 20
Accel:  +0.44  +0.21  +1.08 || 25       Gyro:  +58.98   +2.49   -0.85 || 25
Accel:  +0.49  +0.18  +0.99 || 30       Gyro:  +62.08   -8.39   +1.32 || 30
Accel:  +0.53  +0.19  +0.97 || 35       Gyro:  +51.98  -15.06   +3.27 || 35
Accel:  +0.50  +0.24  +1.07 || 40       Gyro:  +41.14  -26.19   +3.93 || 40
Accel:  +0.71  +0.31  +1.14 || 45       Gyro:  +21.82  -23.74  +27.51 || 45
Accel:  +0.59  +0.41  +1.42 || 50       Gyro:  -70.55  -31.91  +38.65 || 50
Accel:  +0.51  +0.21  +1.05 || 55       Gyro: -148.97   -7.24   +7.63 || 55
Accel:  +0.69  +0.19  +1.15 || 60       Gyro: -170.97  -48.04   -4.38 || 60
Accel:  +0.75  -0.57  +0.78 || 65       Gyro: -154.27  -29.05  +13.79 || 65
Accel:  +0.67  -0.44  +0.58 || 70       Gyro: -119.50  +16.34  +56.73 || 70
Accel:  +0.61  -0.58  +0.55 || 75       Gyro:  -74.67  +30.89  +21.86 || 75
Accel:  +0.57  -0.66  +0.52 || 80       Gyro:  -41.59   +1.92  +34.07 || 80
Accel:  +0.41  -0.77  +0.36 || 85       Gyro:  -16.19   +5.95  +24.99 || 85
Accel:  +0.38  -0.89  +0.27 || 90       Gyro:   +8.33  +11.62  +19.27 || 90
Accel:  +0.37  -0.84  +0.49 || 95       Gyro:  +40.76   +1.64  +14.98 || 95
Accel:  +0.45  -0.95  +0.48 || 100      Gyro:  +46.37   -4.47  +13.27 || 100
Accel:  +0.49  -0.81  +0.65 || 105      Gyro:  +50.84  -22.95  +18.76 || 105
Accel:  +0.50  -0.78  +0.48 || 110      Gyro:  +51.89   -2.95  +17.35 || 110
Accel:  +0.28  -0.91  +0.42 || 115      Gyro:  +44.92   +9.47   -0.08 || 115
Accel:  +0.42  -0.62  +0.58 || 120      Gyro:  +42.34  +25.93   +8.93 || 120
Accel:  +0.27  -0.87  +0.57 || 125      Gyro:  +58.38   +6.08  -10.22 || 125
Accel:  +0.44  -0.90  +0.62 || 130      Gyro:  +60.84   -6.51   -5.36 || 130
Accel:  +0.35  -0.96  +0.47 || 135      Gyro:  +62.21   -2.36  -11.72 || 135
Accel:  +0.30  -1.10  +0.15 || 140      Gyro:  +83.36   +3.49  -41.87 || 140
Accel:  +0.23  -0.90  +0.20 || 145      Gyro: +184.18  -10.66  -48.75 || 145
Accel:  +0.71  -0.94  -0.24 || 150      Gyro: +250.13   -3.80  -70.60 || 150
Accel:  +0.77  -0.22  +0.34 || 155      Gyro: +250.13  -65.89  -13.40 || 155
Accel:  +1.04  -0.11  +0.51 || 160      Gyro: +250.13  +33.21  -12.27 || 160
Accel:  -0.08  +0.50  +1.84 || 165      Gyro: +220.07   -5.85   -0.12 || 165
Accel:  +0.93  +0.39  +1.00 || 170      Gyro: +250.13  -47.44  +11.80 || 170
Accel:  +0.56  +0.72  +1.67 || 175      Gyro: +153.36  -19.98  +10.60 || 175
Accel:  +0.34  +0.60  +1.55 || 180      Gyro: +116.57   +4.98  -26.33 || 180
Accel:  +0.74  +0.48  +1.21 || 185      Gyro:  +54.78  +10.15  -25.30 || 185
Accel:  +0.58  +0.42  +1.17 || 190      Gyro:   +7.89   +0.05   -7.68 || 190
Accel:  +0.56  +0.17  +0.87 || 195      Gyro:  +13.17   -0.44   +2.19 || 195
Accel:  +0.58  +0.21  +1.00 || 200      Gyro:  +26.20   +1.50   +0.36 || 200
Accel:  +0.49  +0.15  +0.93 || 205      Gyro:  +32.34   -9.40   +4.68 || 205
Accel:  +0.51  +0.22  +1.10 || 210      Gyro:  +36.20   -8.85   -4.32 || 210
Accel:  +0.65  +0.18  +0.96 || 215      Gyro:  +52.08   +1.18  +12.73 || 215
Accel:  +0.57  +0.19  +1.01 || 220      Gyro:  +38.32   +2.85   -0.99 || 220
Accel:  +0.46  +0.14  +1.00 || 225      Gyro:  +50.41   -0.45   +3.84 || 225
Accel:  +0.54  +0.15  +0.96 || 230      Gyro:  +55.53   -2.37   -2.18 || 230
Accel:  +0.52  +0.21  +1.08 || 235      Gyro:  +54.52  -15.79  +14.40 || 235
Accel:  +0.55  +0.23  +1.10 || 240      Gyro:  +44.79   -5.84   +5.85 || 240
Accel:  +0.54  +0.12  +0.87 || 245      Gyro:  +47.44   +3.24   +5.80 || 245
Accel:  +0.61  +0.21  +1.03 || 250      Gyro:  +33.01   +1.27   -6.48 || 250
Accel:  +0.58  +0.10  +0.88 || 255      Gyro:  +55.55   -6.11  +13.08 || 255
Accel:  +0.63  +0.13  +0.89 || 260      Gyro:  +50.42   -2.18   -0.40 || 260
Accel:  +0.61  +0.17  +0.98 || 265      Gyro:  +50.53   +4.44   -4.12 || 265
Accel:  +0.52  +0.13  +0.90 || 270      Gyro:  +80.82  +19.60   +2.72 || 270
Accel:  +0.60  +0.18  +0.97 || 275      Gyro:  +62.21   -0.95   -7.32 || 275
Accel:  +0.04  +0.62  +2.00 || 280      Gyro:  -77.37 -112.83  -33.58 || 280
Accel:  +2.00  +0.96  +0.62 || 285      Gyro: -250.14  -60.24  +46.40 || 285
Accel:  +0.58  +0.41  +0.04 || 290      Gyro: -250.14  +91.73 +219.68 || 290
Accel:  -0.59  -1.45  -1.51 || 295      Gyro: -138.79   +9.80  +27.92 || 295
Accel:  +0.43  -0.78  -0.03 || 300      Gyro:  +10.51  +43.74  -50.22 || 300
Accel:  +0.51  -0.72  +1.44 || 305      Gyro: +100.42  -16.01   +1.46 || 305
Accel:  +0.55  -1.33  -0.98 || 310      Gyro: +191.91  -33.86   +9.64 || 310
Accel:  -0.13  +0.48  +0.94 || 315      Gyro: +250.13 +109.48  -61.38 || 315
Accel:  +0.38  +0.73  +1.47 || 320      Gyro: +250.13  -19.12  -52.89 || 320
Accel:  +0.67  +0.94  +1.61 || 325      Gyro: +250.13  -82.02  -31.21 || 325
Accel:  +0.13  +1.25  +2.00 || 330      Gyro: +131.21  +26.82   -4.10 || 330
Accel:  +0.82  +0.34  +1.05 || 335      Gyro:  +18.22  -23.81  -17.44 || 335
Accel:  +0.72  +0.22  +0.75 || 340      Gyro:  +10.64  +14.14   -0.41 || 340
Accel:  +0.61  +0.24  +0.94 || 345      Gyro:  +44.98  +13.60  +14.28 || 345
Accel:  +0.53  +0.28  +1.06 || 350      Gyro:  +22.93   +6.42   -8.47 || 350
Accel:  +0.60  +0.20  +0.94 || 355      Gyro:  +40.18  -11.74   +7.37 || 355
Accel:  +0.55  +0.16  +0.88 || 360      Gyro:  +41.48   +6.11   -0.08 || 360
Accel:  +0.63  +0.20  +0.94 || 365      Gyro:  +41.63   +1.98   +0.77 || 365
Accel:  +0.58  +0.17  +0.94 || 370      Gyro:  +43.55   +7.52   -1.98 || 370
Accel:  +0.65  +0.17  +0.84 || 375      Gyro:  +35.79   +8.51   -3.42 || 375
Accel:  +0.52  +0.18  +0.96 || 380      Gyro:  +45.11   +6.34   -2.85 || 380
Accel:  +0.58  +0.16  +0.92 || 385      Gyro:  +54.07   +6.63   +0.82 || 385
Accel:  +0.61  +0.20  +0.99 || 390      Gyro:  +46.98   -0.32   -2.22 || 390
Accel:  +0.49  +0.16  +0.97 || 395      Gyro:  +51.44   +0.11   +1.01 || 395