Accel:  +0.61  -0.01  +0.98 || 0        Gyro:  +48.97   +4.98   -3.01 || 0
Accel:  +0.69  +0.05  +1.08 || 5        Gyro:  +52.92   +3.18   -1.61 || 5
Accel:  +0.58  -0.04  +0.92 || 10       Gyro:  +47.75   -2.92   +2.78 || 10
Accel:  +0.55  -0.03  +0.92 || 15       Gyro:  +55.54   -9.74   -2.59 || 15
Accel:  +0.62  +0.05  +1.11 || 20       Gyro:  +49.96  -17.89   +1.83 || 20
Accel:  +0.67  +0.01  +0.93 || 25       Gyro:  +46.69  -15.15   -1.64 || 25
Accel:  +0.69  +0.02  +1.07 || 30       Gyro:  +25.28  -27.62   +4.38 || 30
Accel:  +0.65  -0.01  +0.87 || 35       Gyro:  +14.11  -36.50  +11.25 || 35
Accel:  +0.77  -0.03  +1.01 || 40       Gyro:  +19.32  -10.40   +3.55 || 40
Accel:  +0.68  -0.12  +1.16 || 45       Gyro:  +24.50   +0.53   +6.34 || 45
Accel:  +0.73  -0.04  +1.26 || 50       Gyro:   -3.77   -3.74   +5.47 || 50
Accel:  +0.78  -0.09  +1.13 || 55       Gyro:  -50.20  -15.08  +22.84 || 55
Accel:  +0.80  -0.19  +0.95 || 60       Gyro:  -65.14  -29.93  +23.92 || 60
Accel:  +0.86  -0.29  +0.81 || 65       Gyro:  -64.58  -40.46  +39.76 || 65
Accel:  +0.80  -0.41  +0.86 || 70       Gyro:  -69.72   +9.81  +41.19 || 70
Accel:  +0.77  -0.50  +0.67 || 75       Gyro:  -56.94   +1.33  +41.73 || 75
Accel:  +0.74  -0.55  +0.65 || 80       Gyro:  -44.48   -9.08  +44.80 || 80
Accel:  +0.70  -0.65  +0.65 || 85       Gyro:  -54.17  +12.11  +37.09 || 85
Accel:  +0.72  -0.90  +0.63 || 90       Gyro:  -54.29  +14.54  +27.27 || 90
Accel:  +0.65  -0.94  +0.58 || 95       Gyro:  -29.64  +41.63  +38.27 || 95
Accel:  +0.45  -0.78  +0.49 || 100      Gyro:  -18.48  +36.19  +26.85 || 100
Accel:  +0.61  -0.90  +0.38 || 105      Gyro:   -1.08  +28.92  +15.17 || 105
Accel:  +0.42  -0.90  +0.40 || 110      Gyro:  +17.21  +17.56  +12.53 || 110
Accel:  +0.42  -0.89  +0.39 || 115      Gyro:  +26.78   +3.27   +4.63 || 115
Accel:  +0.43  -1.01  +0.09 || 120      Gyro:  +56.97  -29.63   -1.85 || 120
Accel:  +0.45  -0.94  +0.41 || 125      Gyro:  +67.86   -5.82   -1.60 || 125
Accel:  +0.58  -0.86  +0.62 || 130      Gyro:  +63.69  -14.55   -4.51 || 130
Accel:  +0.66  -0.89  +0.28 || 135      Gyro:  +58.99   -2.80   -1.60 || 135
Accel:  +0.56  -0.87  +0.62 || 140      Gyro:  +74.76   +6.18   -6.50 || 140
Accel:  +0.57  -0.88  +0.46 || 145      Gyro:  +61.02   -6.40   -4.40 || 145
Accel:  +0.63  -0.87  +0.48 || 150      Gyro:  +73.77   -0.64   -6.56 || 150
Accel:  +0.53  -0.89  +0.47 || 155      Gyro:  +61.86   -5.45   -6.92 || 155
Accel:  +0.56  -0.83  +0.46 || 160      Gyro:  +77.95   +2.43  -11.37 || 160
Accel:  +0.65  -0.82  +0.62 || 165      Gyro:  +69.69   +5.15   -9.44 || 165
Accel:  +0.57  -0.80  +0.55 || 170      Gyro:  +75.07   +2.57   -8.51 || 170
Accel:  +0.57  -0.73  +0.85 || 175      Gyro:  +75.23  -10.05  -10.07 || 175
Accel:  +0.64  -0.74  +0.65 || 180      Gyro:  +75.26   -1.21   -5.09 || 180
Accel:  +0.57  -0.77  +0.55 || 185      Gyro:  +93.75   +5.40  -12.62 || 185
Accel:  +0.64  -0.72  +0.73 || 190      Gyro:  +87.62   +2.53   -9.63 || 190
Accel:  +0.62  -0.72  +0.66 || 195      Gyro:  +68.93   +3.31   -7.02 || 195
Accel:  +0.74  -0.04  +0.78 || 200      Gyro:  +81.35  -20.52  +23.51 || 200
Accel:  +0.63  -0.63  +0.93 || 205      Gyro:  +88.24   +1.53  -21.80 || 205
Accel:  +0.68  -0.63  +0.69 || 210      Gyro:  +78.30   -0.29   -8.76 || 210
Accel:  +0.67  -0.59  +0.83 || 215      Gyro:  +82.96  +14.79  -16.82 || 215
Accel:  +0.59  -0.66  +0.43 || 220      Gyro: +111.80   -2.33  -20.55 || 220
Accel:  +0.76  -0.56  +0.73 || 225      Gyro:  +85.02  -13.50  -16.59 || 225
Accel:  +0.69  -0.54  +0.75 || 230      Gyro:  +77.79   +6.15  -12.41 || 230
Accel:  +0.71  -0.49  +0.82 || 235      Gyro:  +82.48   -6.87  -11.76 || 235
Accel:  +0.73  -0.44  +0.91 || 240      Gyro:  +84.65   +4.36  -12.91 || 240
Accel:  +0.70  -0.45  +0.70 || 245      Gyro:  +97.31  -24.66   -8.86 || 245
Accel:  +0.79  -0.38  +0.94 || 250      Gyro:  +83.28  -23.03  -26.77 || 250
Accel:  +0.71  -0.36  +0.88 || 255      Gyro:  +86.79   +8.14  -13.06 || 255
Accel:  +0.84  -0.32  +0.88 || 260      Gyro:  +62.99   -3.64  -11.94 || 260
Accel:  +0.61  -0.31  +1.01 || 265      Gyro:  +84.57   -7.29   -9.54 || 265
Accel:  +0.85  -0.26  +1.01 || 270      Gyro:  +71.60   -6.94  -14.34 || 270
Accel:  +0.78  -0.29  +0.84 || 275      Gyro:  +70.46  -10.56  -10.04 || 275
Accel:  +0.75  -0.24  +0.94 || 280      Gyro:  +70.59   +6.69   -7.60 || 280
Accel:  +0.88  -0.20  +0.95 || 285      Gyro:  +69.59  -10.53   -6.63 || 285
Accel:  +0.82  -0.19  +0.92 || 290      Gyro:  +65.18   -5.92   -2.09 || 290
Accel:  +0.76  -0.12  +0.93 || 295      Gyro:  +52.92  -15.55   +5.69 || 295
Accel:  +0.85  -0.19  +0.87 || 300      Gyro:  +58.57   -7.54   -5.76 || 300
Accel:  +0.84  -0.18  +0.88 || 305      Gyro:  +54.24   +0.32   -5.34 || 305
Accel:  +0.89  -0.17  +0.86 || 310      Gyro:  +59.94  +10.82   -1.08 || 310
Accel:  +0.80  -0.18  +0.84 || 315      Gyro:  +60.12   +5.98   +1.67 || 315
Accel:  +0.75  -0.15  +1.07 || 320      Gyro:  +49.85   +8.83   -2.22 || 320
Accel:  +0.77  -0.15  +0.87 || 325      Gyro:  +54.38   +3.89   +2.66 || 325
Accel:  +0.78  -0.15  +0.89 || 330      Gyro:  +58.08   -3.90   -0.33 || 330
Accel:  +0.83  -0.13  +0.91 || 335      Gyro:  +55.48   +1.08   -3.43 || 335
Accel:  +0.79  -0.12  +0.98 || 340      Gyro:  +49.90   -1.95   -2.28 || 340
Accel:  +0.79  -0.14  +0.83 || 345      Gyro:  +54.50   +9.15   +1.50 || 345
Accel:  +0.75  -0.10  +0.97 || 350      Gyro:  +58.73   +1.47   -2.76 || 350
Accel:  +0.79  -0.08  +1.04 || 355      Gyro:  +57.42   +8.64   -2.05 || 355
Accel:  +0.79  -0.10  +0.92 || 360      Gyro:  +51.70  +12.72   +2.52 || 360
Accel:  +0.73  -0.12  +0.91 || 365      Gyro:  +46.93   +5.56   +2.21 || 365
Accel:  +0.75  -0.08  +1.01 || 370      Gyro:  +45.75  +12.19   +2.94 || 370
Accel:  +0.68  -0.09  +1.01 || 375      Gyro:  +48.27   -2.37   +1.03 || 375
Accel:  +0.70  -0.11  +0.90 || 380      Gyro:  +47.01   -0.07   +1.37 || 380
Accel:  +0.70  -0.10  +0.98 || 385      Gyro:  +54.71   -2.40   -5.21 || 385
Accel:  +0.85  -0.07  +1.02 || 390      Gyro:  +44.55   +4.30   -1.02 || 390
Accel:  +0.74  -0.10  +0.95 || 395      Gyro:  +47.69   +5.92   +0.75 || 395