Accel:  +0.51  +0.07  +1.27 || 0        Gyro:  +28.56  -19.05   +6.48 || 0
Accel:  +0.64  +0.15  +1.61 || 5        Gyro:  -98.47  -63.80  +14.31 || 5
Accel:  +0.88  +0.18  +1.60 || 10       Gyro: -248.97  -69.60  +72.89 || 10
Accel:  +0.81  -0.15  +0.77 || 15       Gyro: -250.14  -31.69  +70.53 || 15
Accel:  +0.63  -0.46  +0.43 || 20       Gyro: -209.48  +31.71  +36.26 || 20
Accel:  +0.40  -0.78  +0.13 || 25       Gyro: -145.83  +49.98  +52.89 || 25
Accel:  +0.47  -0.80  +0.12 || 30       Gyro:  -75.34   +2.12  +31.53 || 30
Accel:  +0.43  -0.95  -0.02 || 35       Gyro:  -30.02   +3.37  +40.15 || 35
Accel:  +0.36  -0.95  -0.10 || 40       Gyro:   +9.19   +0.95  +31.66 || 40
Accel:  +0.14  -0.94  -0.15 || 45       Gyro:  +36.47   +4.56   +7.58 || 45
Accel:  +0.56  -0.95  +0.12 || 50       Gyro:  +60.21  +12.16  -19.21 || 50
Accel:  +0.42  -0.98  +0.11 || 55       Gyro:  +64.70   -1.79  -18.02 || 55
Accel:  +0.44  -0.97  -0.03 || 60       Gyro:  +88.50  +20.97  -34.95 || 60
Accel:  +1.01  +0.28  +0.03 || 65       Gyro: +157.84  +72.85  -11.83 || 65
Accel:  +0.63  -0.68  +0.20 || 70       Gyro: +250.13  +98.64  -55.63 || 70
Accel:  +0.50  -0.57  +0.50 || 75       Gyro: +250.13  +93.24  -14.45 || 75
Accel:  +0.14  -0.45  +1.00 || 80       Gyro: +250.13   -4.11  +20.28 || 80
Accel:  +0.59  -0.17  +1.05 || 85       Gyro: +247.73 +170.16  -22.51 || 85
Accel:  +0.62  -0.11  +0.63 || 90       Gyro: +250.13  -20.88   -1.86 || 90
Accel:  +0.35  +0.02  +1.18 || 95       Gyro: +161.08  -95.47   +9.48 || 95
Accel:  +0.59  +0.32  +1.08 || 100      Gyro: +250.13  +51.89  -18.15 || 100
Accel:  +0.31  +0.23  +1.13 || 105      Gyro: +125.59  -88.69  +13.82 || 105
Accel:  +0.61  +0.37  +1.53 || 110      Gyro:  +99.05  -61.40   -8.97 || 110
Accel:  +0.53  +0.31  +1.23 || 115      Gyro:  +72.60  +35.79  -13.44 || 115
Accel:  +0.62  +0.26  +0.94 || 120      Gyro:  +33.60  -26.80   +8.19 || 120
Accel:  +0.63  +0.34  +1.11 || 125      Gyro:  +22.18   +5.18   +5.50 || 125
Accel:  +0.62  +0.26  +1.01 || 130      Gyro:  +10.80  +13.60  +11.55 || 130
Accel:  +0.55  +0.27  +1.14 || 135      Gyro:   -6.64   -9.98   +8.90 || 135
Accel:  +0.55  +0.43  +1.82 || 140      Gyro: -110.42  -57.21  +13.61 || 140
Accel:  +0.75  +0.65  +1.85 || 145      Gyro: -250.14  -43.81  +25.53 || 145
Accel:  +0.76  -0.13  -0.08 || 150      Gyro: -234.60 -151.51 +128.40 || 150
Accel:  +1.02  -0.33  +0.07 || 155      Gyro: -157.71  -41.47 +101.64 || 155
Accel:  +0.54  -0.66  -0.13 || 160      Gyro:  -98.66  +96.66 +100.47 || 160
Accel:  +0.01  -0.98  -0.12 || 165      Gyro:  -50.26  +41.38  +37.02 || 165
Accel:  +0.30  -1.08  -0.29 || 170      Gyro:  +72.00  +18.62  -20.34 || 170
Accel:  +0.43  -0.89  +0.35 || 175      Gyro:  +94.10   -0.50  -31.44 || 175
Accel:  +0.53  -0.99  -0.22 || 180      Gyro: +140.32  -34.01  -33.56 || 180
Accel:  +0.34  -0.39  +0.49 || 185      Gyro: +250.13 +157.17  -92.08 || 185
Accel:  +0.49  -0.19  -0.18 || 190      Gyro: +250.13 -104.49 -104.56 || 190
Accel:  +0.64  +0.23  +1.56 || 195      Gyro: +250.13 +123.53 -109.01 || 195
Accel:  +1.05  +0.36  +1.27 || 200      Gyro: +250.13  +37.33  -61.27 || 200
Accel:  +1.01  +0.03  +0.88 || 205      Gyro:  +77.32  -40.97   +6.38 || 205
Accel:  +0.74  +0.03  +1.13 || 210      Gyro:  +36.65   +3.89  +20.15 || 210
Accel:  +0.82  +0.01  +0.99 || 215      Gyro:  +49.88  +33.21   -6.37 || 215
Accel:  +0.77  -0.01  +0.87 || 220      Gyro:  +40.58   -9.43   +8.31 || 220
Accel:  +0.73  -0.01  +0.97 || 225      Gyro:  +41.33   -3.33   +3.92 || 225
Accel:  +0.74  -0.02  +0.95 || 230      Gyro:  +43.20   +6.20   +0.24 || 230
Accel:  +0.68  -0.03  +0.94 || 235      Gyro:  +43.35   +8.66   +2.84 || 235
Accel:  +0.68  -0.04  +0.94 || 240      Gyro:  +53.85  +23.74   +2.37 || 240
Accel:  +0.62  -0.05  +1.00 || 245      Gyro:  +52.50   +6.30   -1.85 || 245
Accel:  +0.80  +0.01  +1.02 || 250      Gyro:  +49.81   -2.00   +1.03 || 250
Accel:  +0.70  -0.02  +0.86 || 255      Gyro:  +49.40   +9.49   +0.92 || 255
Accel:  +0.64  -0.04  +0.95 || 260      Gyro:  +47.49   +6.18   -1.58 || 260
Accel:  +0.67  -0.02  +1.07 || 265      Gyro:  +49.02  -12.30   +2.14 || 265
Accel:  +0.63  -0.02  +0.97 || 270      Gyro:  +46.11  -17.56   +1.40 || 270
Accel:  +0.74  -0.02  +0.84 || 275      Gyro:  +48.33   +9.94   -0.57 || 275
Accel:  +0.57  -0.01  +1.10 || 280      Gyro:  +49.07   -6.14   +4.45 || 280
Accel:  +0.70  -0.03  +0.99 || 285      Gyro:  +46.62   +3.08   +0.95 || 285
Accel:  +0.71  -0.04  +0.90 || 290      Gyro:  +48.17  -10.17   +5.08 || 290
Accel:  +0.71  -0.02  +0.96 || 295      Gyro:  +48.60   +5.69   -1.58 || 295
Accel:  +0.70  -0.00  +0.98 || 300      Gyro:  +49.06   +1.46   +1.98 || 300
Accel:  +0.66  -0.03  +0.92 || 305      Gyro:  +46.82   -1.89   -0.92 || 305
Accel:  +0.71  -0.03  +0.94 || 310      Gyro:  +48.72   -1.44   +0.43 || 310
Accel:  +0.68  -0.04  +0.90 || 315      Gyro:  +51.07   +2.92   -0.63 || 315
Accel:  +0.69  -0.01  +1.02 || 320      Gyro:  +48.78   +2.56   +0.85 || 320
Accel:  +0.70  -0.02  +0.94 || 325      Gyro:  +49.49   -3.44   +1.74 || 325
Accel:  +0.71  -0.02  +0.93 || 330      Gyro:  +50.80   +2.92   -1.76 || 330
Accel:  +0.73  -0.02  +1.00 || 335      Gyro:  +50.23   +2.53   +0.39 || 335
Accel:  +0.70  -0.04  +0.85 || 340      Gyro:  +54.01  +14.37   -0.34 || 340
Accel:  +0.67  +0.00  +0.99 || 345      Gyro:  +52.28   +5.00   +1.77 || 345
Accel:  +0.62  -0.02  +0.95 || 350      Gyro:  +50.61   -6.61   +1.19 || 350
Accel:  +0.71  +0.00  +1.01 || 355      Gyro:  +43.03  -31.15   +4.97 || 355
Accel:  +0.73  -0.02  +0.90 || 360      Gyro:  +47.02   -0.99   +2.41 || 360
Accel:  +0.68  -0.01  +0.96 || 365      Gyro:  +49.63  +13.45   -2.17 || 365
Accel:  +0.68  -0.01  +0.98 || 370      Gyro:  +48.68   -8.08   +0.69 || 370
Accel:  +0.71  -0.02  +0.91 || 375      Gyro:  +52.05   +1.56   -0.50 || 375
Accel:  +0.66  -0.01  +0.99 || 380      Gyro:  +50.79   +1.13   -0.02 || 380
Accel:  +0.71  -0.01  +0.99 || 385      Gyro:  +50.35   +4.32   +0.92 || 385
Accel:  +0.68  -0.01  +0.93 || 390      Gyro:  +51.35   +5.26   -0.74 || 390
Accel:  +0.64  -0.00  +0.98 || 395      Gyro:  +50.21   +0.37   -1.88 || 395