Accel:  +0.56  -0.02  +0.96 || 0        Gyro:  +51.49   -2.63   +1.11 || 0
Accel:  +0.54  +0.00  +0.98 || 5        Gyro:  +45.27   -4.50   -6.83 || 5
Accel:  +0.61  -0.03  +0.86 || 10       Gyro:  +52.55   -4.37   -2.96 || 10
Accel:  +0.60  +0.00  +1.05 || 15       Gyro:  +56.81   +2.46   -4.32 || 15
Accel:  +0.65  +0.03  +1.00 || 20       Gyro:  +51.70   -1.48   +2.19 || 20
Accel:  +0.59  -0.01  +0.92 || 25       Gyro:  +53.10   -2.01   -0.31 || 25
Accel:  +0.57  +0.02  +1.04 || 30       Gyro:  +48.52  -11.05   -0.21 || 30
Accel:  +0.59  -0.00  +0.93 || 35       Gyro:  +53.51   -1.94   -3.71 || 35
Accel:  +0.67  +0.10  +1.11 || 40       Gyro:  +46.24   -2.74   -0.39 || 40
Accel:  +0.79  +0.18  +1.63 || 45       Gyro:  -66.21  -51.79  +15.34 || 45
Accel:  +0.91  -0.04  +0.90 || 50       Gyro: -133.40 -104.93  +74.05 || 50
Accel:  +0.67  -0.17  +1.21 || 55       Gyro: -135.47 +105.44  +43.24 || 55
Accel:  +0.79  -0.27  +0.63 || 60       Gyro: -186.34  +43.35  +49.83 || 60
Accel:  +0.66  -0.55  +0.56 || 65       Gyro: -189.92   +9.30  +75.54 || 65
Accel:  +0.31  -0.77  +0.31 || 70       Gyro: -127.84  +38.79  +47.29 || 70
Accel:  +0.49  -0.81  +0.26 || 75       Gyro:  -69.86  +37.07  +45.20 || 75
Accel:  +0.25  -0.92  +0.31 || 80       Gyro:  -30.15  +16.93  +49.94 || 80
Accel:  +0.34  -0.90  +0.31 || 85       Gyro:  -12.21   -1.05  +16.91 || 85
Accel:  +0.41  -0.91  +0.12 || 90       Gyro:   +9.40   -3.66  +33.00 || 90
Accel:  +0.30  -0.89  +0.14 || 95       Gyro:  +23.64   -8.73  +19.50 || 95
Accel:  +0.27  -1.03  +0.04 || 100      Gyro:  +42.96   +2.06   -5.56 || 100
Accel:  +0.36  -1.00  +0.03 || 105      Gyro:  +54.66   -0.33   -3.93 || 105
Accel:  +0.40  -0.98  +0.17 || 110      Gyro:  +56.48   -4.97   +3.19 || 110
Accel:  +0.28  -0.98  +0.19 || 115      Gyro:  +59.98   -9.11   -9.21 || 115
Accel:  +0.47  -0.93  +0.27 || 120      Gyro:  +64.60   +2.37   -8.54 || 120
Accel:  +0.29  -0.97  +0.12 || 125      Gyro:  +78.20   -1.41  -18.94 || 125
Accel:  +0.35  -0.93  +0.14 || 130      Gyro: +111.60  +16.62  -34.11 || 130
Accel:  +0.33  -0.74  +0.51 || 135      Gyro: +162.19  +15.02  -37.59 || 135
Accel:  +0.77  -0.58  +0.85 || 140      Gyro: +235.86  -48.52   -9.22 || 140
Accel:  +0.32  -0.91  +0.63 || 145      Gyro: +138.06   +6.97  -13.85 || 145
Accel:  +0.49  -0.63  +0.76 || 150      Gyro: +122.18   -5.32  -42.73 || 150
Accel:  +0.43  -0.71  +0.77 || 155      Gyro: +138.94   -6.92  -29.67 || 155
Accel:  +0.67  -0.72  +0.41 || 160      Gyro:  +81.58   -3.50  -35.76 || 160
Accel:  +0.58  -0.51  +1.22 || 165      Gyro:  +81.51   -8.15  -14.63 || 165
Accel:  +0.60  -0.65  +0.50 || 170      Gyro: +104.31   +6.89  -17.11 || 170
Accel:  +0.61  -0.61  +0.67 || 175      Gyro:  +85.98  -21.43   +9.52 || 175
Accel:  +0.59  -0.52  +0.95 || 180      Gyro:  +91.28  -15.83   +5.02 || 180
Accel:  +0.53  -0.56  +0.67 || 185      Gyro:  +92.05  -21.82   -8.96 || 185
Accel:  +0.64  -0.50  +0.73 || 190      Gyro: +101.50   -1.15  -12.05 || 190
Accel:  +0.59  -0.48  +0.81 || 195      Gyro:  +92.87   -6.43  -14.27 || 195
Accel:  +0.59  -0.35  +1.07 || 200      Gyro:  +96.65  +12.03  -22.72 || 200
Accel:  +0.69  -0.29  +1.11 || 205      Gyro:  +84.73  -21.59  -20.43 || 205
Accel:  +0.64  -0.34  +0.94 || 210      Gyro:  +81.43  +13.51  -17.82 || 210
Accel:  +0.73  -0.31  +0.79 || 215      Gyro:  +78.87  -18.67   -8.60 || 215
Accel:  +0.66  -0.20  +1.15 || 220      Gyro:  +79.73  -34.98  -17.97 || 220
Accel:  +0.78  -0.22  +1.03 || 225      Gyro:  +67.82  -14.24   -5.52 || 225
Accel:  +0.71  -0.26  +0.85 || 230      Gyro:  +75.68   -1.54   -7.88 || 230
Accel:  +0.72  -0.24  +0.80 || 235      Gyro:  +89.23   +6.46  -14.48 || 235
Accel:  +0.78  -0.15  +1.06 || 240      Gyro:  +74.39   +7.31  -16.92 || 240
Accel:  +0.75  -0.17  +0.68 || 245      Gyro:  +93.63  +34.28  -12.34 || 245
Accel:  +0.80  -0.13  +0.91 || 250      Gyro:  +57.77  -16.44  -11.42 || 250
Accel:  +0.70  -0.10  +0.96 || 255      Gyro:  +67.71   +6.15   -2.54 || 255
Accel:  +0.81  -0.10  +0.93 || 260      Gyro:  +57.74   -9.05   +4.47 || 260
Accel:  +0.71  -0.12  +0.86 || 265      Gyro:  +46.56   +4.32   -2.41 || 265
Accel:  +0.75  -0.09  +0.91 || 270      Gyro:  +56.32   +1.42   +6.50 || 270
Accel:  +0.68  -0.06  +1.12 || 275      Gyro:  +60.40  +10.60   +0.11 || 275
Accel:  +0.71  -0.04  +1.07 || 280      Gyro:  +58.86  +15.97   -0.31 || 280
Accel:  +0.71  -0.06  +1.00 || 285      Gyro:  +55.18   +0.92   -5.79 || 285
Accel:  +0.70  -0.07  +1.01 || 290      Gyro:  +51.17   +2.12   -0.50 || 290
Accel:  +0.76  -0.05  +0.92 || 295      Gyro:  +49.97  +18.95   -1.66 || 295
Accel:  +0.68  -0.06  +1.02 || 300      Gyro:  +50.19   +8.95   +4.35 || 300
Accel:  +0.64  -0.04  +1.02 || 305      Gyro:  +56.02   +9.21   +1.22 || 305
Accel:  +0.66  -0.05  +0.96 || 310      Gyro:  +49.56   -5.63   -0.59 || 310
Accel:  +0.69  -0.03  +1.00 || 315      Gyro:  +49.41  +10.84   +1.01 || 315
Accel:  +0.68  -0.05  +0.89 || 320      Gyro:  +51.58   -1.97   +0.82 || 320
Accel:  +0.69  -0.01  +1.05 || 325      Gyro:  +56.76  +19.76   -2.27 || 325
Accel:  +0.65  -0.06  +0.93 || 330      Gyro:  +54.67  -10.85   +3.44 || 330
Accel:  +0.78  -0.04  +0.88 || 335      Gyro:  +51.02   +7.37   +0.65 || 335
Accel:  +0.63  -0.03  +0.99 || 340      Gyro:  +51.95   +3.34   -0.03 || 340
Accel:  +0.60  -0.05  +0.92 || 345      Gyro:  +51.98  +13.60   -1.66 || 345
Accel:  +0.64  -0.02  +1.01 || 350      Gyro:  +56.98   -7.01   +1.88 || 350
Accel:  +0.69  -0.03  +0.93 || 355      Gyro:  +47.57   -3.34   +2.27 || 355
Accel:  +0.70  -0.01  +1.00 || 360      Gyro:  +44.45  -11.08   +0.69 || 360
Accel:  +0.66  -0.05  +0.89 || 365      Gyro:  +48.93   -0.63   +4.85 || 365
Accel:  +0.65  -0.03  +0.95 || 370      Gyro:  +49.46   +4.53   -1.34 || 370
Accel:  +0.68  -0.03  +0.95 || 375      Gyro:  +50.34  +10.87   +0.44 || 375
Accel:  +0.62  -0.01  +1.05 || 380      Gyro:  +46.43   -3.08   -1.92 || 380
Accel:  +0.71  -0.02  +0.97 || 385      Gyro:  +49.18   -6.50   +2.44 || 385
Accel:  +0.62  -0.04  +0.93 || 390      Gyro:  +46.72   +1.34   +0.30 || 390
Accel:  +0.67  -0.01  +1.05 || 395      Gyro:  +48.54   -0.39   -1.36 || 395