Accel:  +0.55  +0.20  +0.92 || 0        Gyro:   +0.96   -1.53  +11.22 || 0
Accel:  +0.44  +0.06  +0.76 || 5        Gyro:  +63.96  +20.61  -19.27 || 5
Accel:  +0.57  +0.33  +1.26 || 10       Gyro:  +92.59  -27.72   -1.63 || 10
Accel:  +0.52  +0.22  +0.99 || 15       Gyro:  +47.08   -3.04   +5.73 || 15
Accel:  +0.53  +0.23  +0.95 || 20       Gyro:  +24.29   -2.21   -2.24 || 20
Accel:  +0.54  +0.38  +1.23 || 25       Gyro:   +2.34  -11.49   +3.56 || 25
Accel:  +0.57  +0.29  +1.09 || 30       Gyro:   +3.34  -43.21   +8.86 || 30
Accel:  +0.74  +0.38  +1.23 || 35       Gyro:  -34.32  -29.12  +15.69 || 35
Accel:  +0.64  -0.04  +0.83 || 40       Gyro:  -57.13  -26.08  +42.01 || 40
Accel:  +0.50  +0.02  +1.13 || 45       Gyro: -120.21  +30.56  +12.39 || 45
Accel:  +0.69  -0.04  +1.14 || 50       Gyro: -166.48  -11.40  +38.93 || 50
Accel:  +0.70  -0.19  +0.89 || 55       Gyro: -238.91   -5.83  +62.89 || 55
Accel:  +0.69  -0.55  +0.32 || 60       Gyro: -155.67  +27.56  +16.21 || 60
Accel:  +0.62  -0.72  +0.61 || 65       Gyro:  -86.60  +36.95  +35.26 || 65
Accel:  +0.43  -0.82  +0.43 || 70       Gyro:  -38.12  +34.08  +24.31 || 70
Accel:  +0.62  -0.83  +0.46 || 75       Gyro:  -23.19  +15.00  +42.31 || 75
Accel:  +0.24  -0.83  +0.45 || 80       Gyro:   -4.72  +16.85  +39.70 || 80
Accel:  +0.42  -0.89  +0.29 || 85       Gyro:   +9.19   -9.33  +16.82 || 85
Accel:  +0.32  -1.00  +0.05 || 90       Gyro:  +39.92   -9.04  +11.40 || 90
Accel:  +0.40  -0.87  +0.30 || 95       Gyro:  +57.94   +6.69   -3.06 || 95
Accel:  +0.31  -0.91  +0.42 || 100      Gyro:  +60.46   -3.95   -7.75 || 100
Accel:  +0.42  -0.86  +0.39 || 105      Gyro:  +74.18   -4.11   -5.02 || 105
Accel:  +0.44  -0.86  +0.54 || 110      Gyro:  +75.62  -11.63  -14.32 || 110
Accel:  +0.38  -0.84  +0.53 || 115      Gyro:  +77.36  -11.76   -8.55 || 115
Accel:  +0.42  -0.89  +0.39 || 120      Gyro:  +88.47   -6.83  -24.90 || 120
Accel:  +0.50  -0.74  +0.66 || 125      Gyro:  +83.63  -12.96  -20.10 || 125
Accel:  +0.52  -0.76  +0.47 || 130      Gyro: +119.65   -6.24  -22.60 || 130
Accel:  +0.47  -0.66  +0.83 || 135      Gyro: +126.02  -18.85  -21.21 || 135
Accel:  +0.58  -0.47  +1.03 || 140      Gyro: +140.46  +20.11  -19.55 || 140
Accel:  +0.53  -0.52  +0.98 || 145      Gyro: +137.45  +41.31  -47.02 || 145
Accel:  +0.69  -0.52  +0.77 || 150      Gyro: +142.12  -18.77   -6.89 || 150
Accel:  +0.54  -0.53  +0.76 || 155      Gyro: +137.87   +7.08  -28.85 || 155
Accel:  +0.76  -0.39  +1.08 || 160      Gyro: +109.30  +16.21  -22.90 || 160
Accel:  +0.47  -0.35  +0.96 || 165      Gyro: +119.80   +7.05   -3.46 || 165
Accel:  +0.63  -0.43  +0.70 || 170      Gyro: +126.13   -9.92  -14.93 || 170
Accel:  +0.61  -0.29  +1.10 || 175      Gyro:  +90.44   +0.73  -11.07 || 175
Accel:  +0.54  -0.22  +0.99 || 180      Gyro:  +99.97  -11.59   +0.07 || 180
Accel:  +0.62  -0.27  +0.89 || 185      Gyro:  +96.36  -22.62   -4.40 || 185
Accel:  +0.61  -0.18  +1.09 || 190      Gyro:  +83.30   -4.52   -7.00 || 190
Accel:  +0.68  -0.14  +1.14 || 195      Gyro:  +66.04   +3.61   -4.99 || 195
Accel:  +0.61  -0.14  +0.99 || 200      Gyro:  +63.89   -0.63   -2.16 || 200
Accel:  +0.63  -0.16  +1.00 || 205      Gyro:  +62.53   -1.20   -3.60 || 205
Accel:  +0.64  -0.14  +1.03 || 210      Gyro:  +52.16   -0.63   +1.05 || 210
Accel:  +0.59  -0.12  +1.09 || 215      Gyro:  +53.33   +6.42   -2.53 || 215
Accel:  +0.56  -0.16  +0.94 || 220      Gyro:  +59.54  +21.68   +1.60 || 220
Accel:  +0.53  -0.18  +0.86 || 225      Gyro:  +61.88  -16.60   -0.42 || 225
Accel:  +0.60  -0.11  +0.96 || 230      Gyro:  +73.78   -8.76   -2.89 || 230
Accel:  +0.77  -0.08  +1.00 || 235      Gyro:  +62.08  -10.74   +2.03 || 235
Accel:  +0.63  -0.10  +0.99 || 240      Gyro:  +49.87   +9.18   +3.82 || 240
Accel:  +0.61  -0.08  +0.95 || 245      Gyro:  +50.63   +9.37   +2.38 || 245
Accel:  +0.59  -0.10  +0.93 || 250      Gyro:  +55.88   +0.72   +7.92 || 250
Accel:  +0.57  -0.07  +1.07 || 255      Gyro:  +56.14   +0.00   +1.50 || 255
Accel:  +0.63  -0.07  +0.97 || 260      Gyro:  +53.53   -4.15   +4.58 || 260
Accel:  +0.60  -0.06  +1.01 || 265      Gyro:  +47.09   +3.00   +1.95 || 265
Accel:  +0.59  -0.09  +0.93 || 270      Gyro:  +47.62   +0.72   +2.16 || 270
Accel:  +0.60  -0.07  +1.00 || 275      Gyro:  +48.45   -7.26   +1.56 || 275
Accel:  +0.60  -0.08  +0.90 || 280      Gyro:  +54.89   -3.50   +1.65 || 280
Accel:  +0.64  -0.06  +1.05 || 285      Gyro:  +53.53   -2.06   -1.72 || 285
Accel:  +0.65  -0.07  +0.92 || 290      Gyro:  +46.35   -0.40   +4.71 || 290
Accel:  +0.63  -0.07  +0.93 || 295      Gyro:  +54.09   -1.57   -0.02 || 295
Accel:  +0.61  -0.05  +1.01 || 300      Gyro:  +50.04   +1.18   -0.72 || 300
Accel:  +0.60  -0.07  +0.94 || 305      Gyro:  +48.40   -2.28   +0.66 || 305
Accel:  +0.63  -0.05  +1.00 || 310      Gyro:  +51.24   +0.96   -0.18 || 310
Accel:  +0.62  -0.07  +0.95 || 315      Gyro:  +50.49   +1.57   +1.51 || 315
Accel:  +0.59  -0.06  +0.95 || 320      Gyro:  +55.56   -0.36   -0.66 || 320
Accel:  +0.62  -0.05  +1.00 || 325      Gyro:  +50.40   -3.85   +0.58 || 325
Accel:  +0.62  -0.05  +0.96 || 330      Gyro:  +48.34   +1.17   -1.08 || 330
Accel:  +0.63  -0.05  +0.91 || 335      Gyro:  +51.73   +1.31   -0.35 || 335
Accel:  +0.61  -0.05  +0.96 || 340      Gyro:  +54.43   +3.15   -1.59 || 340
Accel:  +0.65  -0.04  +0.98 || 345      Gyro:  +50.25   -2.33   +1.86 || 345
Accel:  +0.64  -0.04  +0.98 || 350      Gyro:  +46.96   +1.03   +0.79 || 350
Accel:  +0.65  -0.05  +0.97 || 355      Gyro:  +43.00   -4.64   +6.04 || 355
Accel:  +0.57  -0.08  +0.88 || 360      Gyro:  +50.64   +3.89   +0.13 || 360
Accel:  +0.63  -0.04  +0.99 || 365      Gyro:  +53.71   -3.80   +0.04 || 365
Accel:  +0.64  -0.03  +0.98 || 370      Gyro:  +46.44   -0.21   -0.44 || 370
Accel:  +0.62  -0.04  +0.99 || 375      Gyro:  +48.39   -1.88   -1.17 || 375
Accel:  +0.66  -0.04  +0.94 || 380      Gyro:  +47.73   +4.21   -0.48 || 380
Accel:  +0.63  -0.03  +0.97 || 385      Gyro:  +50.08   -0.25   +0.29 || 385
Accel:  +0.67  -0.03  +0.96 || 390      Gyro:  +47.16   +2.53   +1.82 || 390
Accel:  +0.58  -0.04  +0.99 || 395      Gyro:  +46.74   -3.37   +2.06 || 39