Accel:  +0.52  +0.16  +0.91 || 0        Gyro:  +51.17   +0.76   +0.82 || 0
Accel:  +0.41  +0.17  +1.03 || 5        Gyro:  +54.73   -2.75   +0.63 || 5
Accel:  +0.48  +0.19  +1.03 || 10       Gyro:  +44.40   -1.24   +1.08 || 10
Accel:  +0.45  +0.22  +1.05 || 15       Gyro:  +43.40  +23.53   +9.71 || 15
Accel:  +0.42  +0.19  +1.04 || 20       Gyro:  +58.56  +19.02   +0.97 || 20
Accel:  +0.43  +0.14  +0.85 || 25       Gyro:  +17.03  -24.47   -5.05 || 25
Accel:  +0.41  +0.15  +0.98 || 30       Gyro:  +43.07  -11.11   -2.21 || 30
Accel:  +0.39  +0.18  +1.05 || 35       Gyro:  +27.77  -10.38   -6.92 || 35
Accel:  +0.49  +0.20  +1.11 || 40       Gyro:  -15.15  -43.78   -8.21 || 40
Accel:  +0.59  +0.58  +1.91 || 45       Gyro: -164.40  -85.18   -7.54 || 45
Accel:  +0.81  +0.08  +0.96 || 50       Gyro:  -94.82  +13.15  +41.29 || 50
Accel:  +0.29  +0.35  +1.64 || 55       Gyro: -250.14  -67.67  +39.11 || 55
Accel:  +0.75  -0.23  +0.54 || 60       Gyro: -250.03   -0.95   +4.74 || 60
Accel:  +0.87  -0.75  +0.02 || 65       Gyro: -155.53  +71.50  +51.29 || 65
Accel:  +0.24  -0.86  +0.30 || 70       Gyro:  -83.31  +28.31  +46.56 || 70
Accel:  +0.48  -0.82  +0.38 || 75       Gyro:  -47.34   +6.40  +36.52 || 75
Accel:  +0.37  -0.89  +0.23 || 80       Gyro:  -13.64   -0.47  +37.98 || 80
Accel:  +0.33  -0.94  -0.01 || 85       Gyro:  +20.02  -11.46  +29.89 || 85
Accel:  +0.25  -1.03  -0.08 || 90       Gyro:  +63.53  -11.66   +7.14 || 90
Accel:  +0.53  -1.03  +0.22 || 95       Gyro:  +77.56  -13.56  -25.47 || 95
Accel:  +0.49  -0.88  +0.50 || 100      Gyro:  +78.47   +6.34   +2.49 || 100
Accel:  +0.36  -0.94  +0.26 || 105      Gyro:  +70.28   -9.88   -8.04 || 105
Accel:  +0.45  -0.97  +0.32 || 110      Gyro:  +82.92   +4.80   -5.76 || 110
Accel:  +0.35  -0.97  +0.24 || 115      Gyro:  +98.10   -9.24  -18.74 || 115
Accel:  +0.32  -0.95  +0.08 || 120      Gyro: +159.16  +15.63  -47.44 || 120
Accel:  +0.16  -0.58  +0.62 || 125      Gyro: +208.90  +34.99  -54.44 || 125
Accel:  +0.55  -0.46  +0.62 || 130      Gyro: +250.13  -36.28  -36.84 || 130
Accel:  +0.65  -0.38  +0.67 || 135      Gyro: +231.41  +85.14  -62.15 || 135
Accel:  +0.88  +0.08  +1.33 || 140      Gyro: +233.15  +25.28  +12.59 || 140
Accel:  +0.45  -0.39  -0.07 || 145      Gyro: +247.37  -99.60  +32.02 || 145
Accel:  +0.73  +0.07  +1.15 || 150      Gyro: +170.62  +41.82  -27.06 || 150
Accel:  +0.44  +0.14  +1.04 || 155      Gyro: +198.39   -6.02  +29.63 || 155
Accel:  +0.58  +0.05  +0.77 || 160      Gyro: +126.91  +27.61  -30.07 || 160
Accel:  +0.29  +0.28  +1.29 || 165      Gyro: +119.78   +3.85   -4.56 || 165
Accel:  +0.62  +0.25  +1.02 || 170      Gyro:  +58.26  -31.85   -3.92 || 170
Accel:  +0.59  +0.22  +0.96 || 175      Gyro:  +43.02   +6.27   -7.92 || 175
Accel:  +0.68  +0.20  +0.93 || 180      Gyro:  +52.30   +8.60   +3.89 || 180
Accel:  +0.41  +0.20  +1.09 || 185      Gyro:  +35.99  -20.38   +4.73 || 185
Accel:  +0.54  +0.15  +0.90 || 190      Gyro:  +38.50   -0.64   +2.46 || 190
Accel:  +0.51  +0.12  +0.85 || 195      Gyro:  +48.83  +11.03   -3.46 || 195
Accel:  +0.47  +0.21  +1.09 || 200      Gyro:  +50.73   -3.00   -0.18 || 200
Accel:  +0.55  +0.19  +0.99 || 205      Gyro:  +47.74   +1.83   +0.73 || 205
Accel:  +0.53  +0.18  +0.98 || 210      Gyro:  +42.50  -14.58   +5.75 || 210
Accel:  +0.54  +0.15  +0.92 || 215      Gyro:  +56.62  +11.37   +2.37 || 215
Accel:  +0.49  +0.20  +1.09 || 220      Gyro:  +46.18   -2.53   -0.47 || 220
Accel:  +0.54  +0.15  +0.90 || 225      Gyro:  +49.47   +5.15   -1.47 || 225
Accel:  +0.51  +0.16  +0.95 || 230      Gyro:  +48.11   +0.32   +0.48 || 230
Accel:  +0.57  +0.19  +1.00 || 235      Gyro:  +44.16   -5.53   +1.21 || 235
Accel:  +0.51  +0.15  +0.91 || 240      Gyro:  +45.48   +1.74   +2.85 || 240
Accel:  +0.56  +0.17  +0.95 || 245      Gyro:  +50.06   +4.53   -0.15 || 245
Accel:  +0.52  +0.17  +0.96 || 250      Gyro:  +47.60   -0.47   -0.44 || 250
Accel:  +0.50  +0.16  +0.97 || 255      Gyro:  +48.60   +0.28   -0.21 || 255
Accel:  +0.52  +0.16  +0.93 || 260      Gyro:  +47.35   -0.18   +0.91 || 260
Accel:  +0.49  +0.15  +0.91 || 265      Gyro:  +52.05   +1.85   +0.16 || 265
Accel:  +0.56  +0.17  +0.96 || 270      Gyro:  +48.52   -2.74   +0.11 || 270
Accel:  +0.52  +0.19  +0.98 || 275      Gyro:  +49.77   -1.08   +3.10 || 275
Accel:  +0.51  +0.17  +0.95 || 280      Gyro:  +52.47   +5.60   -0.08 || 280
Accel:  +0.51  +0.17  +0.96 || 285      Gyro:  +45.69   -4.76   +0.34 || 285
Accel:  +0.52  +0.16  +0.92 || 290      Gyro:  +46.15   +3.40   -1.23 || 290
Accel:  +0.54  +0.16  +0.93 || 295      Gyro:  +44.40  +11.11   -0.07 || 295
Accel:  +0.48  +0.14  +0.92 || 300      Gyro:  +50.18   +3.08   +3.25 || 300
Accel:  +0.45  +0.17  +0.96 || 305      Gyro:  +52.69   +6.97   -1.32 || 305
Accel:  +0.48  +0.17  +0.96 || 310      Gyro:  +52.69   +0.60   +1.36 || 310
Accel:  +0.53  +0.20  +1.00 || 315      Gyro:  +56.27   +1.70   -0.27 || 315
Accel:  +0.55  +0.20  +0.96 || 320      Gyro:  +52.23   -4.39   +2.82 || 320
Accel:  +0.53  +0.21  +0.98 || 325      Gyro:  +52.58   +6.90   -1.37 || 325
Accel:  +0.46  +0.21  +0.99 || 330      Gyro:  +47.47   -5.68   +2.09 || 330
Accel:  +0.50  +0.17  +0.92 || 335      Gyro:  +47.80   +0.22   +3.43 || 335
Accel:  +0.49  +0.17  +0.92 || 340      Gyro:  +45.44   +0.53   -0.95 || 340
Accel:  +0.47  +0.17  +0.92 || 345      Gyro:  +50.32   +3.16   -1.27 || 345
Accel:  +0.50  +0.21  +0.99 || 350      Gyro:  +48.98   -0.66   -2.15 || 350
Accel:  +0.51  +0.18  +0.97 || 355      Gyro:  +47.24   +1.42   -0.50 || 355
Accel:  +0.49  +0.18  +0.91 || 360      Gyro:  +53.82   +1.20   +2.52 || 360
Accel:  +0.52  +0.18  +0.90 || 365      Gyro:  +71.18  +33.44   +0.66 || 365
Accel:  +0.50  +0.27  +0.97 || 370      Gyro:  +50.77   -0.02   +0.21 || 370
Accel:  +0.49  +0.22  +0.90 || 375      Gyro:  +48.85  -12.06   +0.67 || 375
Accel:  +0.52  +0.24  +0.99 || 380      Gyro:  +33.84  -25.90   +3.07 || 380
Accel:  +0.45  +0.22  +0.97 || 385      Gyro:  +39.63   -5.47   +2.70 || 385
Accel:  +0.50  +0.20  +0.94 || 390      Gyro:  +41.85   -0.56   +1.08 || 390
Accel:  +0.47  +0.19  +0.93 || 395      Gyro:  +48.40  -21.56   +6.24 || 395