Accel:  +0.60  +0.27  +0.90 || 0        Gyro:  +48.99   -1.79   -0.79 || 0
Accel:  +0.62  +0.29  +0.93 || 5        Gyro:  +42.34   +2.40   -2.27 || 5
Accel:  +0.55  +0.27  +0.94 || 10       Gyro:  +42.37   -3.64   +8.85 || 10
Accel:  +0.59  +0.23  +0.88 || 15       Gyro:  +33.46  +18.66   -6.79 || 15
Accel:  +0.56  +0.22  +0.88 || 20       Gyro:  +31.62  +16.46  -10.68 || 20
Accel:  +0.51  +0.22  +0.91 || 25       Gyro:  +44.38   +4.34   -4.35 || 25
Accel:  +0.50  +0.19  +0.88 || 30       Gyro:  +43.60   +8.26   +0.35 || 30
Accel:  +0.50  +0.27  +1.02 || 35       Gyro:  +41.25   -6.21   -2.23 || 35
Accel:  +0.59  +0.26  +1.01 || 40       Gyro:  +38.11  -11.60   +4.27 || 40
Accel:  +0.38  +0.19  +1.07 || 45       Gyro:  +46.20  -15.73  -15.21 || 45
Accel:  +0.68  +0.24  +0.96 || 50       Gyro:  +37.01  -19.01   -3.49 || 50
Accel:  +0.42  +0.29  +1.15 || 55       Gyro:  +30.40   -9.16   -4.97 || 55
Accel:  +0.55  +0.33  +1.18 || 60       Gyro:   -7.38  +13.90   -2.85 || 60
Accel:  +0.63  +0.23  +1.04 || 65       Gyro:  -30.84   +4.64   +1.22 || 65
Accel:  +0.55  +0.16  +1.10 || 70       Gyro:  -61.02  -28.21   -9.59 || 70
Accel:  +0.60  -0.00  +0.95 || 75       Gyro:  -30.31  -41.03  +26.82 || 75
Accel:  +0.72  +0.06  +1.12 || 80       Gyro:  -74.38  -37.79   +9.63 || 80
Accel:  +0.73  -0.08  +1.01 || 85       Gyro:  -95.53  -22.08  +40.21 || 85
Accel:  +0.71  -0.26  +0.92 || 90       Gyro: -102.68  -26.63  +58.92 || 90
Accel:  +0.69  -0.31  +0.88 || 95       Gyro: -104.49   -4.53  +62.95 || 95
Accel:  +0.61  -0.60  +0.43 || 100      Gyro:  -62.75   -4.30  +56.75 || 100
Accel:  +0.63  -0.67  +0.42 || 105      Gyro:  -34.98  +24.08  +36.25 || 105
Accel:  +0.51  -0.61  +0.47 || 110      Gyro:  -24.38  +24.92  +56.08 || 110
Accel:  +0.32  -0.64  +0.47 || 115      Gyro:   +2.99  +35.24  +32.19 || 115
Accel:  +0.38  -1.11  +0.20 || 120      Gyro:   +7.70  +11.23  +34.68 || 120
Accel:  +0.34  -0.89  +0.49 || 125      Gyro:  +23.48  +18.88  +27.91 || 125
Accel:  +0.07  -1.02  +0.44 || 130      Gyro:  +46.48   -9.88   +4.45 || 130
Accel:  +0.35  -0.90  +0.51 || 135      Gyro:  +57.12  -12.46   -8.81 || 135
Accel:  +0.38  -0.83  +0.56 || 140      Gyro:  +59.53  -12.54  -15.40 || 140
Accel:  +0.56  -0.81  +0.52 || 145      Gyro:  +55.09   +7.02   -6.06 || 145
Accel:  +0.35  -0.85  +0.50 || 150      Gyro:  +66.66   -6.56   -6.46 || 150
Accel:  +0.47  -0.79  +0.56 || 155      Gyro:  +71.11   -9.26  -10.85 || 155
Accel:  +0.31  -0.84  +0.58 || 160      Gyro:  +68.46  -13.11  -18.39 || 160
Accel:  +0.42  -0.92  +0.40 || 165      Gyro:  +83.68   -2.05  -36.93 || 165
Accel:  +0.44  -0.77  +0.58 || 170      Gyro:  +95.02   +6.27  -44.53 || 170
Accel:  +0.53  -0.88  +0.41 || 175      Gyro: +133.21   +2.41  -46.30 || 175
Accel:  +0.47  -0.54  +0.82 || 180      Gyro: +106.50  -26.95  -71.63 || 180
Accel:  +0.60  -0.55  +0.71 || 185      Gyro: +149.95  -17.16  -29.40 || 185
Accel:  +0.73  -0.74  +0.29 || 190      Gyro: +170.67  -11.41  -74.44 || 190
Accel:  +0.53  -0.41  +0.60 || 195      Gyro: +186.56  -34.58  -57.16 || 195
Accel:  +1.26  -0.25  +0.54 || 200      Gyro: +155.67  +30.02  -54.20 || 200
Accel:  +0.66  +0.21  +1.36 || 205      Gyro: +101.09  +31.29  +19.55 || 205
Accel:  +0.70  -0.19  +0.61 || 210      Gyro: +142.01  +85.50   -6.98 || 210
Accel:  +0.31  +0.80  +1.06 || 215      Gyro: +138.02  -15.68  +42.35 || 215
Accel:  +0.28  -0.47  +1.49 || 220      Gyro: +147.31  -17.63  -58.00 || 220
Accel:  +0.48  +0.68  +2.00 || 225      Gyro: +107.15  -96.11  +21.92 || 225
Accel:  +0.86  -0.03  +0.60 || 230      Gyro:  +84.21  +38.65  -10.15 || 230
Accel:  +0.62  +0.16  +0.90 || 235      Gyro:  +73.74  +13.68   -7.24 || 235
Accel:  +0.52  +0.31  +1.24 || 240      Gyro:  +64.71   -4.17  +12.62 || 240
Accel:  +0.62  +0.14  +0.92 || 245      Gyro:  +44.02   -0.27   -2.98 || 245
Accel:  +0.63  +0.11  +0.87 || 250      Gyro:  +48.56   +8.27   -1.89 || 250
Accel:  +0.58  +0.21  +1.05 || 255      Gyro:  +43.66   -2.60   +0.35 || 255
Accel:  +0.58  +0.12  +0.91 || 260      Gyro:  +36.24   -4.04   +1.80 || 260
Accel:  +0.64  +0.10  +0.89 || 265      Gyro:  +45.01   +1.18   +1.89 || 265
Accel:  +0.52  +0.13  +0.98 || 270      Gyro:  +48.47   +9.39   -1.44 || 270
Accel:  +0.58  +0.12  +0.93 || 275      Gyro:  +47.84   -1.76   +1.16 || 275
Accel:  +0.59  +0.12  +0.91 || 280      Gyro:  +56.27   -5.27   +7.09 || 280
Accel:  +0.61  +0.19  +0.97 || 285      Gyro:  +46.65   -9.23   +2.36 || 285
Accel:  +0.55  +0.15  +0.97 || 290      Gyro:  +55.79  +11.63   +6.57 || 290
Accel:  +0.58  +0.22  +1.07 || 295      Gyro:  +47.88  +11.44   +3.48 || 295
Accel:  +0.53  +0.05  +0.82 || 300      Gyro:  +57.83  +24.27   +3.78 || 300
Accel:  +0.55  +0.19  +1.01 || 305      Gyro:  +44.87   -6.21   -8.77 || 305
Accel:  +0.57  +0.17  +0.98 || 310      Gyro:  +23.89   -6.80   -1.36 || 310
Accel:  +0.65  +0.06  +0.80 || 315      Gyro:  +44.25   +4.45   +2.32 || 315
Accel:  +0.50  +0.18  +1.07 || 320      Gyro:  +57.89  +31.85   -5.58 || 320
Accel:  +0.51  +0.17  +1.06 || 325      Gyro:  +35.50  -16.38   +2.77 || 325
Accel:  +0.55  -0.06  +0.66 || 330      Gyro:  +61.26  +14.43  +16.19 || 330
Accel:  +0.83  -0.43  +0.17 || 335      Gyro:  +94.89 +106.92  +42.18 || 335
Accel:  +0.16  -0.01  +1.05 || 340      Gyro: +250.13 +114.92  -83.90 || 340
Accel:  +0.49  +0.72  +0.71 || 345      Gyro: +189.02  +50.98  +57.27 || 345
Accel:  -0.05  -0.31  +0.57 || 350      Gyro: +198.54 -244.18 +149.41 || 350
Accel:  +0.62  +0.40  -0.51 || 355      Gyro: +250.13 -134.18  -56.47 || 355
Accel:  +0.76  +0.19  +0.12 || 360      Gyro:  -69.56  -97.60 +250.13 || 360
Accel:  +0.70  +0.01  +0.20 || 365      Gyro: +165.38  +25.27  -33.11 || 365
Accel:  -1.54  +2.00  +1.80 || 370      Gyro: +148.21  -49.80 +238.32 || 370
Accel:  -0.02  +0.40  +0.37 || 375      Gyro:  +78.84  +17.43  +59.55 || 375
Accel:  +0.46  +0.93  +0.34 || 380      Gyro:  +48.88   +0.78   +1.42 || 380
Accel:  +0.42  +0.92  +0.32 || 385      Gyro:  +48.76   +0.06   +1.10 || 385
Accel:  +0.41  +0.92  +0.33 || 390      Gyro:  +49.31   -0.05   +1.20 || 390
Accel:  +0.43  +0.98  +0.36 || 395      Gyro:  +47.73   -0.57   +1.26 || 395