Accel:  +0.55  +0.04  +1.08 || 0        Gyro:  +47.83   +1.03   +3.56 || 0
Accel:  +0.53  -0.02  +0.91 || 5        Gyro:  +49.08   +1.30   +1.42 || 5
Accel:  +0.54  +0.02  +1.00 || 10       Gyro:  +48.32   -6.25   -1.33 || 10
Accel:  +0.58  +0.02  +0.95 || 15       Gyro:  +51.70   +2.90   -0.21 || 15
Accel:  +0.52  -0.00  +0.97 || 20       Gyro:  +47.56  -12.69   +1.89 || 20
Accel:  +0.56  +0.02  +0.98 || 25       Gyro:  +49.11   -6.04   -8.41 || 25
Accel:  +0.58  -0.00  +0.92 || 30       Gyro:  +49.07   -3.40   -3.24 || 30
Accel:  +0.58  -0.00  +0.93 || 35       Gyro:  +53.56   +1.34   -1.44 || 35
Accel:  +0.55  +0.02  +1.02 || 40       Gyro:  +49.15   -2.60   -1.01 || 40
Accel:  +0.55  -0.01  +0.94 || 45       Gyro:  +49.63   -1.95   -0.85 || 45
Accel:  +0.59  -0.01  +0.90 || 50       Gyro:  +55.89   +0.70   +1.18 || 50
Accel:  +0.56  +0.05  +1.04 || 55       Gyro:  +55.34   -4.11   +0.16 || 55
Accel:  +0.61  +0.05  +0.98 || 60       Gyro:  +51.38   +3.58   +2.24 || 60
Accel:  +0.54  +0.03  +0.96 || 65       Gyro:  +49.48   -1.11   +1.79 || 65
Accel:  +0.54  +0.02  +0.90 || 70       Gyro:  +55.26   -3.15   -0.03 || 70
Accel:  +0.76  +0.13  +1.01 || 75       Gyro:  +63.10  -37.11  +11.42 || 75
Accel:  +0.64  +0.04  +0.92 || 80       Gyro:  +48.44   +5.39  +17.95 || 80
Accel:  +0.45  -0.03  +0.94 || 85       Gyro:  +56.70   -1.63   +6.11 || 85
Accel:  +0.52  +0.12  +1.16 || 90       Gyro:  +43.77  -21.22   +0.63 || 90
Accel:  +0.65  +0.11  +1.11 || 95       Gyro:  +13.73  -28.60   -4.37 || 95
Accel:  +0.82  +0.07  +0.94 || 100      Gyro:  -28.54  -42.22  +14.53 || 100
Accel:  +0.87  +0.17  +0.93 || 105      Gyro:  -17.10  -68.39  +23.89 || 105
Accel:  +0.62  -0.09  +1.04 || 110      Gyro:  -36.89   +4.37  +40.67 || 110
Accel:  +0.68  -0.27  +0.97 || 115      Gyro:  -94.63  +13.88  +20.82 || 115
Accel:  +0.95  -0.19  +0.84 || 120      Gyro: -121.41   +7.31  +36.00 || 120
Accel:  +0.80  -0.37  +0.85 || 125      Gyro:  -96.18   +6.23  +66.02 || 125
Accel:  +0.48  -0.60  +0.80 || 130      Gyro: -106.82   -4.98  +43.85 || 130
Accel:  +0.74  -0.67  +0.64 || 135      Gyro:  -84.83   -2.72  +49.64 || 135
Accel:  +0.38  -0.71  +0.67 || 140      Gyro:  -52.34   +3.76  +49.78 || 140
Accel:  +0.48  -0.93  +0.39 || 145      Gyro:  -41.47  +14.62  +15.41 || 145
Accel:  +0.55  -0.84  +0.41 || 150      Gyro:  -22.60  +15.91  +28.93 || 150
Accel:  +0.45  -0.87  +0.34 || 155      Gyro:  +12.18   -7.19  +11.61 || 155
Accel:  +0.63  -0.82  +0.32 || 160      Gyro:  +24.90   -8.60  +23.47 || 160
Accel:  +0.43  -0.88  +0.32 || 165      Gyro:  +22.96   +6.37  +31.54 || 165
Accel:  +0.45  -0.91  +0.32 || 170      Gyro:  +28.32  +11.01  +26.11 || 170
Accel:  +0.37  -0.93  +0.35 || 175      Gyro:  +49.18   +6.27  +19.46 || 175
Accel:  +0.33  -0.91  +0.41 || 180      Gyro:  +63.65   -2.86  +13.32 || 180
Accel:  +0.33  -0.95  +0.16 || 185      Gyro:  +66.73   +5.72  +13.37 || 185
Accel:  +0.31  -0.88  +0.42 || 190      Gyro:  +57.93  +15.44   +2.03 || 190
Accel:  +0.42  -0.94  +0.26 || 195      Gyro:  +56.89   +2.37   -3.73 || 195
Accel:  +0.39  -0.90  +0.38 || 200      Gyro:  +50.47   -7.21   -2.18 || 200
Accel:  +0.37  -0.88  +0.37 || 205      Gyro:  +56.66   +2.44   -6.94 || 205
Accel:  +0.42  -0.92  +0.39 || 210      Gyro:  +62.82  +11.56   -9.15 || 210
Accel:  +0.45  -0.89  +0.46 || 215      Gyro:  +67.04   -6.53   -9.22 || 215
Accel:  +0.36  -0.92  +0.34 || 220      Gyro:  +74.79   -1.02  -15.69 || 220
Accel:  +0.41  -0.88  +0.35 || 225      Gyro:  +92.88   -2.32  -24.76 || 225
Accel:  +0.13  -0.80  +0.71 || 230      Gyro: +148.63  +21.03  -58.25 || 230
Accel:  +0.69  -0.88  +0.17 || 235      Gyro: +111.02  -34.85  -55.13 || 235
Accel:  +0.40  -0.57  +1.11 || 240      Gyro: +135.82   -6.21  -58.14 || 240
Accel:  +0.84  -0.74  +0.26 || 245      Gyro: +134.44  +44.88  -58.17 || 245
Accel:  +0.66  -0.67  +0.49 || 250      Gyro: +108.00  -11.08  -42.91 || 250
Accel:  +0.49  -0.44  +1.08 || 255      Gyro: +137.72  +54.27  -44.64 || 255
Accel:  +0.90  -0.59  +0.45 || 260      Gyro: +132.69  +21.65  -47.67 || 260
Accel:  +0.59  -0.35  +1.07 || 265      Gyro:  +97.47  -41.31  -28.78 || 265
Accel:  +0.70  -0.46  +0.48 || 270      Gyro: +130.16  +41.16  -23.50 || 270
Accel:  +0.44  -0.32  +0.94 || 275      Gyro: +114.39 -117.23  -34.86 || 275
Accel:  +0.92  -0.27  +1.08 || 280      Gyro:  +97.98  -35.26  -25.02 || 280
Accel:  +0.85  -0.24  +0.89 || 285      Gyro: +113.46   -6.36  -15.67 || 285
Accel:  +1.09  -0.19  +0.84 || 290      Gyro:  +94.00  +12.94   -5.39 || 290
Accel:  +0.68  -0.09  +1.20 || 295      Gyro:  +64.72   +9.73   -7.21 || 295
Accel:  +0.86  -0.22  +0.85 || 300      Gyro:  +68.76  +54.11   +4.85 || 300
Accel:  +0.70  -0.13  +1.14 || 305      Gyro:  +53.90  -11.42   -0.21 || 305
Accel:  +0.70  -0.15  +0.90 || 310      Gyro:  +81.56   +6.53   +6.86 || 310
Accel:  +0.75  -0.16  +0.83 || 315      Gyro:  +78.35  +11.95   +1.19 || 315
Accel:  +0.60  -0.06  +1.28 || 320      Gyro:  +70.01   -3.69   -3.90 || 320
Accel:  +0.78  -0.06  +1.01 || 325      Gyro:  +53.08   +5.83   +3.13 || 325
Accel:  +0.65  -0.08  +0.92 || 330      Gyro:  +50.69  -10.47   +5.18 || 330
Accel:  +0.80  -0.07  +1.00 || 335      Gyro:  +43.83  +36.15   +0.57 || 335
Accel:  +0.61  -0.12  +0.86 || 340      Gyro:  +58.85  +15.40  +10.42 || 340
Accel:  +0.64  -0.06  +0.99 || 345      Gyro:  +52.29  -11.74   -3.38 || 345
Accel:  +0.77  -0.05  +0.97 || 350      Gyro:  +49.60   +1.40   -1.69 || 350
Accel:  +0.70  -0.06  +1.04 || 355      Gyro:  +48.20   +8.02   +2.16 || 355
Accel:  +0.66  -0.10  +0.89 || 360      Gyro:  +51.44   -0.25   +3.63 || 360
Accel:  +0.60  -0.07  +1.02 || 365      Gyro:  +50.23   +3.82   +1.89 || 365
Accel:  +0.73  -0.06  +0.95 || 370      Gyro:  +45.89   +6.00   -0.53 || 370
Accel:  +0.61  -0.05  +1.04 || 375      Gyro:  +53.06   +4.99   +2.50 || 375
Accel:  +0.70  -0.06  +0.96 || 380      Gyro:  +52.79  +10.52   +0.77 || 380
Accel:  +0.61  -0.06  +1.02 || 385      Gyro:  +56.15   +8.24   -3.35 || 385
Accel:  +0.67  -0.04  +0.97 || 390      Gyro:  +66.55   -0.03   +7.70 || 390
Accel:  +0.61  -0.04  +0.91 || 395      Gyro:  +90.15  +32.05   -4.02 || 395