Accel:  +0.29  +0.15  +0.86 || 0        Gyro:  +48.32   +2.82   +0.76 || 0
Accel:  +0.62  +0.40  +1.03 || 5        Gyro:  +52.34  +10.48   -3.82 || 5
Accel:  +0.33  +0.33  +0.97 || 10       Gyro:  +59.23  +15.30   -2.58 || 10
Accel:  +0.47  +0.31  +0.90 || 15       Gyro:  +54.07  -17.66   -5.87 || 15
Accel:  +0.41  +0.39  +0.97 || 20       Gyro:  +43.89  -10.55   +1.69 || 20
Accel:  +0.49  +0.26  +0.88 || 25       Gyro:  +35.50  -15.82   -5.35 || 25
Accel:  +0.56  +0.33  +0.96 || 30       Gyro:  +28.01  -13.48   +7.60 || 30
Accel:  +0.57  +0.22  +0.85 || 35       Gyro:  +40.81  +21.84   -3.06 || 35
Accel:  +0.56  +0.18  +0.78 || 40       Gyro:  +21.94  +21.24  -10.53 || 40
Accel:  +0.71  +0.07  +0.69 || 45       Gyro:  +67.85  +37.95  +27.37 || 45
Accel:  +0.48  +0.11  +0.78 || 50       Gyro:  +28.32   -5.34   -1.10 || 50
Accel:  +0.37  +0.14  +0.90 || 55       Gyro:  +57.28  +15.71   +3.66 || 55
Accel:  +0.36  +0.23  +0.98 || 60       Gyro:  +30.47   +1.63   +2.40 || 60
Accel:  +0.36  +0.17  +0.95 || 65       Gyro:  +18.16   +0.18  +13.21 || 65
Accel:  +0.48  +0.23  +0.98 || 70       Gyro:  -27.59  -23.61  +13.21 || 70
Accel:  +0.44  -0.05  +1.16 || 75       Gyro:  -99.56  -28.34  -29.33 || 75
Accel:  +0.41  +0.13  +1.11 || 80       Gyro:  -36.11  +41.30  +16.92 || 80
Accel:  +0.55  -0.06  +1.14 || 85       Gyro: -250.14  -58.79  -52.98 || 85
Accel:  +0.52  -0.31  +0.93 || 90       Gyro:  -30.28   -7.09  +18.12 || 90
Accel:  +0.54  -0.42  +0.87 || 95       Gyro:  -85.98  -31.37  +63.89 || 95
Accel:  +0.50  -0.50  +0.65 || 100      Gyro: -110.60  -21.95  +44.19 || 100
Accel:  +0.49  -0.60  +0.47 || 105      Gyro: -107.02  -10.30  +50.44 || 105
Accel:  +0.48  -0.66  +0.45 || 110      Gyro:  -73.45  +14.75   +9.00 || 110
Accel:  +0.49  -0.96  +0.35 || 115      Gyro: -137.98  +14.16  -37.11 || 115
Accel:  +0.53  -0.97  +0.23 || 120      Gyro: -105.65   +6.57  -17.23 || 120
Accel:  +0.49  -1.10  +0.11 || 125      Gyro:  -45.96  +15.01  +19.09 || 125
Accel:  +0.51  -1.04  +0.12 || 130      Gyro:  -74.14   +5.50  -13.18 || 130
Accel:  +0.49  -1.03  +0.04 || 135      Gyro:  -37.25   +7.44   +4.46 || 135
Accel:  +0.51  -1.01  -0.07 || 140      Gyro:   +8.17  +11.24   +2.99 || 140
Accel:  +0.48  -1.03  -0.01 || 145      Gyro:  +25.58  +18.11  -11.88 || 145
Accel:  +0.51  -1.03  -0.07 || 150      Gyro:  +20.53  +14.87   -2.94 || 150
Accel:  +0.50  -1.05  -0.14 || 155      Gyro:  +61.73   +7.09   +2.77 || 155
Accel:  +0.54  -1.12  -0.05 || 160      Gyro: +135.69   +9.04  +16.89 || 160
Accel:  +0.52  -1.11  +0.02 || 165      Gyro: +222.92   +4.82  +27.01 || 165
Accel:  +0.48  -1.08  -0.09 || 170      Gyro: +238.44   +8.48   +5.55 || 170
Accel:  +0.50  -1.01  +0.22 || 175      Gyro: +193.48   +6.02  -43.32 || 175
Accel:  +0.48  -0.77  +0.42 || 180      Gyro: +250.13  +17.71  +64.61 || 180
Accel:  +0.44  -0.52  +0.70 || 185      Gyro: +250.13   -6.66  +46.32 || 185
Accel:  +0.45  -0.38  +0.83 || 190      Gyro: +182.38  -12.32  +18.79 || 190
Accel:  +0.47  -0.26  +0.86 || 195      Gyro: +246.31  -24.15  +56.58 || 195
Accel:  +0.50  -0.05  +0.90 || 200      Gyro: +250.13  -19.83  +50.61 || 200
Accel:  +0.51  +0.22  +0.92 || 205      Gyro: +247.39  -35.52  +70.60 || 205
Accel:  +0.55  +0.18  +1.07 || 210      Gyro: +108.40   -6.12  +14.91 || 210
Accel:  +0.52  +0.25  +1.01 || 215      Gyro:  +33.38  -15.77  +12.64 || 215
Accel:  +0.53  +0.23  +0.97 || 220      Gyro:  +58.81   -9.56  +16.18 || 220
Accel:  +0.51  +0.23  +0.95 || 225      Gyro:  +39.18   -7.40   +5.40 || 225
Accel:  +0.51  +0.20  +0.94 || 230      Gyro:  -34.27   -1.69  -15.83 || 230
Accel:  +0.52  +0.11  +0.91 || 235      Gyro:  +31.30   -5.11   -3.47 || 235
Accel:  +0.56  +0.09  +1.01 || 240      Gyro:  +34.71   -1.24   +2.29 || 240
Accel:  +0.53  +0.07  +0.98 || 245      Gyro:   +1.14   -1.75   -1.55 || 245
Accel:  +0.54  +0.01  +0.92 || 250      Gyro:  +69.61   +3.10   +4.19 || 250
Accel:  +0.58  +0.07  +0.99 || 255      Gyro:  +50.56   -1.53   +5.74 || 255
Accel:  +0.56  +0.09  +0.93 || 260      Gyro:  +32.40   -5.64   -2.33 || 260
Accel:  +0.53  +0.09  +1.05 || 265      Gyro:  +44.21   -8.19   -6.53 || 265
Accel:  +0.60  +0.12  +0.94 || 270      Gyro:  +29.15   -5.17   +0.82 || 270
Accel:  +0.55  +0.01  +0.96 || 275      Gyro:  +56.92   -3.24   +5.51 || 275
Accel:  +0.56  +0.01  +0.93 || 280      Gyro:  +35.59   -2.99   -2.49 || 280
Accel:  +0.60  +0.01  +0.94 || 285      Gyro:  +44.10   +0.41   +1.31 || 285
Accel:  +0.56  +0.03  +0.95 || 290      Gyro:  +52.68   +2.47  +10.23 || 290
Accel:  +0.57  +0.05  +1.00 || 295      Gyro:  +46.43   +6.47   +4.73 || 295
Accel:  +0.55  +0.04  +0.95 || 300      Gyro:  +42.71   +8.45   +1.94 || 300
Accel:  +0.58  +0.05  +1.01 || 305      Gyro:  +43.63   +3.85   +1.73 || 305
Accel:  +0.56  +0.02  +0.98 || 310      Gyro:  +54.02   +2.07   +1.68 || 310
Accel:  +0.56  +0.04  +0.98 || 315      Gyro:  +40.46   -1.41   +1.00 || 315
Accel:  +0.53  -0.01  +0.98 || 320      Gyro:  +36.47   -4.63   +3.25 || 320
Accel:  +0.54  +0.02  +0.97 || 325      Gyro:  +52.64   -6.40   +4.70 || 325
Accel:  +0.57  +0.04  +0.96 || 330      Gyro:  +46.59   -3.36   +2.71 || 330
Accel:  +0.60  +0.02  +0.96 || 335      Gyro:  +52.30   -2.66   +5.25 || 335
Accel:  +0.54  -0.01  +0.94 || 340      Gyro:  +49.64   +1.63   +4.31 || 340
Accel:  +0.56  +0.02  +0.95 || 345      Gyro:  +24.96   +4.59   +5.89 || 345
Accel:  +0.57  -0.01  +0.96 || 350      Gyro:  +39.42   +7.92   +7.96 || 350
Accel:  +0.57  -0.04  +1.01 || 355      Gyro:  +48.55   +5.08   +2.02 || 355
Accel:  +0.59  +0.02  +0.96 || 360      Gyro:  +31.18   -0.63   -7.19 || 360
Accel:  +0.57  -0.01  +1.00 || 365      Gyro:  +42.53   -2.80   +1.06 || 365
Accel:  +0.54  -0.02  +0.93 || 370      Gyro:  +46.68   -1.87   +1.71 || 370
Accel:  +0.55  -0.03  +0.95 || 375      Gyro:  +52.20   +2.89   +3.79 || 375
Accel:  +0.54  -0.06  +0.97 || 380      Gyro:  +41.26   +2.84   +5.39 || 380
Accel:  +0.54  -0.04  +1.03 || 385      Gyro:  +53.30   -0.72   +1.98 || 385
Accel:  +0.53  -0.03  +0.96 || 390      Gyro:  +55.12   -2.65   +4.82 || 390
Accel:  +0.57  -0.03  +1.00 || 395      Gyro:  +54.70   -3.27   +7.87 || 395