Accel:  +0.55  -0.13  +0.99 || 0        Gyro:  +55.41   +9.22   +4.15 || 0
Accel:  +0.49  -0.12  +0.90 || 5        Gyro:  +49.23   +4.17   +2.99 || 5
Accel:  +0.45  -0.14  +0.98 || 10       Gyro:  +49.34   -4.36   -1.81 || 10
Accel:  +0.55  -0.13  +0.90 || 15       Gyro:  +50.02   +7.98   -0.30 || 15
Accel:  +0.50  -0.12  +1.13 || 20       Gyro:  +46.79  -12.70   -0.15 || 20
Accel:  +0.44  -0.12  +1.10 || 25       Gyro:  +40.80  -15.68   +1.21 || 25
Accel:  +0.59  -0.14  +1.07 || 30       Gyro:  +17.29  -21.68   +1.94 || 30
Accel:  +0.57  -0.17  +0.99 || 35       Gyro:  +13.38   -6.83  +12.75 || 35
Accel:  +0.50  -0.18  +1.04 || 40       Gyro:   +2.84  -10.99  +14.44 || 40
Accel:  +0.61  -0.19  +1.10 || 45       Gyro:  -29.14  -32.02   +2.01 || 45
Accel:  +0.58  -0.26  +1.05 || 50       Gyro:  -38.55  -41.12   +6.63 || 50
Accel:  +0.73  -0.32  +0.82 || 55       Gyro:  -74.24  -25.98   -3.63 || 55
Accel:  +0.54  -0.44  +1.02 || 60       Gyro:  -94.18   -4.48   +1.49 || 60
Accel:  +0.94  -0.50  +0.71 || 65       Gyro: -159.58   -5.68   -4.92 || 65
Accel:  +0.66  -0.58  +1.04 || 70       Gyro: -156.21  -37.46  +23.34 || 70
Accel:  +0.71  -0.72  +0.28 || 75       Gyro:  -98.11  -77.46  +50.85 || 75
Accel:  +0.66  -0.75  +0.23 || 80       Gyro:  -35.34  -90.81  +66.76 || 80
Accel:  +0.69  -0.76  +0.05 || 85       Gyro:  -27.61   +5.75  +75.31 || 85
Accel:  +0.23  -0.94  +0.05 || 90       Gyro:   -6.58  +28.51  +35.79 || 90
Accel:  +0.29  -1.05  +0.29 || 95       Gyro:  +20.57   +5.59  +13.57 || 95
Accel:  +0.42  -1.01  +0.27 || 100      Gyro:  +28.82   -6.73  +13.32 || 100
Accel:  +0.45  -1.04  +0.07 || 105      Gyro:  +30.07   -1.13  +12.04 || 105
Accel:  +0.46  -0.97  +0.31 || 110      Gyro:  +45.53  -12.19   +0.73 || 110
Accel:  +0.46  -1.00  +0.07 || 115      Gyro:  +49.10   -1.27   +6.42 || 115
Accel:  +0.47  -0.96  +0.25 || 120      Gyro:  +50.34   -4.39   -8.59 || 120
Accel:  +0.52  -0.99  +0.12 || 125      Gyro:  +53.28   +9.57   +8.66 || 125
Accel:  +0.44  -0.98  +0.19 || 130      Gyro:  +59.02   -4.51   -3.11 || 130
Accel:  +0.47  -0.99  +0.24 || 135      Gyro:  +60.76   +9.19   -2.96 || 135
Accel:  +0.44  -0.98  +0.09 || 140      Gyro:  +73.88   +1.09  -15.70 || 140
Accel:  +0.53  -0.96  +0.28 || 145      Gyro:  +74.33   +4.58  -17.51 || 145
Accel:  +0.52  -0.95  +0.38 || 150      Gyro:  +76.07  +15.82  -19.95 || 150
Accel:  +0.57  -0.96  +0.35 || 155      Gyro:  +73.52   +3.51  -17.05 || 155
Accel:  +0.46  -0.94  +0.32 || 160      Gyro:  +76.10  +14.07  -18.23 || 160
Accel:  +0.56  -0.92  +0.26 || 165      Gyro:  +91.43   +9.52  -37.24 || 165
Accel:  +0.85  -0.40  +0.25 || 170      Gyro:  +75.56  +31.05   -5.40 || 170
Accel:  +0.64  -0.89  +0.45 || 175      Gyro:  +78.52  +23.08  -15.32 || 175
Accel:  +0.63  -0.85  +0.58 || 180      Gyro:  +77.21  +16.41  -18.79 || 180
Accel:  +0.63  -0.94  -0.11 || 185      Gyro:  +95.02   +1.29  -12.61 || 185
Accel:  +0.38  -0.80  +0.42 || 190      Gyro: +135.50  -11.21  -38.31 || 190
Accel:  +0.83  -0.71  +0.50 || 195      Gyro: +144.72   +7.64  -42.24 || 195
Accel:  +0.76  -0.71  +0.64 || 200      Gyro: +103.02  +29.28  -21.90 || 200
Accel:  +0.63  -0.57  +1.27 || 205      Gyro: +105.50  -24.40  -25.70 || 205
Accel:  +0.98  -0.59  -0.19 || 210      Gyro: +189.08  +28.61   -8.34 || 210
Accel:  -0.21  -0.10  +2.00 || 215      Gyro: +229.87   +4.05  -46.71 || 215
Accel:  +1.30  -0.14  +0.79 || 220      Gyro: +180.04  +12.89  -35.97 || 220
Accel:  +0.72  -0.16  +1.54 || 225      Gyro: +167.70   -1.15   -9.54 || 225
Accel:  +0.92  -0.00  +1.39 || 230      Gyro:  +88.59  +33.22   -8.79 || 230
Accel:  +0.59  -0.12  +0.85 || 235      Gyro:  +62.88  +13.86   +0.01 || 235
Accel:  +0.78  -0.07  +1.13 || 240      Gyro:  +31.99  -13.72   -7.44 || 240
Accel:  +0.70  -0.09  +0.89 || 245      Gyro:  +40.74   +7.04  +17.03 || 245
Accel:  +0.72  -0.13  +0.85 || 250      Gyro:  +44.26   +3.32   +1.10 || 250
Accel:  +0.60  -0.11  +0.99 || 255      Gyro:  +47.90   +7.80   +4.14 || 255
Accel:  +0.72  -0.11  +0.78 || 260      Gyro:  +51.53   -4.64   -0.85 || 260
Accel:  +0.73  -0.12  +0.98 || 265      Gyro:  +43.30  -29.84   -1.37 || 265
Accel:  +0.79  -0.12  +0.80 || 270      Gyro:  +45.08   -2.73   +5.83 || 270
Accel:  +0.66  -0.13  +1.04 || 275      Gyro:  +10.26   +2.01   -0.55 || 275
Accel:  +0.71  -0.16  +0.75 || 280      Gyro:  +30.99   +4.53  +10.94 || 280
Accel:  +0.63  -0.17  +1.09 || 285      Gyro:  +26.06   -7.42   -1.66 || 285
Accel:  +0.65  -0.21  +0.80 || 290      Gyro:  +50.90   +4.46   +4.61 || 290
Accel:  +0.67  -0.17  +1.03 || 295      Gyro:  +52.70   -0.51   -4.98 || 295
Accel:  +0.75  -0.16  +0.94 || 300      Gyro:  +49.95   +5.85   -1.08 || 300
Accel:  +0.70  -0.15  +1.02 || 305      Gyro:  +52.44   +2.82   +0.50 || 305
Accel:  +0.66  -0.17  +0.96 || 310      Gyro:  +55.89   +7.03   +1.76 || 310
Accel:  +0.64  -0.14  +1.08 || 315      Gyro:  +59.66   +7.69   -4.30 || 315
Accel:  +0.77  -0.15  +0.85 || 320      Gyro:  +55.66   -2.98   +1.17 || 320
Accel:  +0.65  -0.15  +1.03 || 325      Gyro:  +43.89   +3.26   +0.09 || 325
Accel:  +0.67  -0.12  +0.96 || 330      Gyro:  +45.76   +0.30   +5.20 || 330
Accel:  +0.63  -0.16  +1.00 || 335      Gyro:  +45.50   -5.67   +5.06 || 335
Accel:  +0.71  -0.17  +0.87 || 340      Gyro:  +42.53   +1.35   +5.82 || 340
Accel:  +0.58  -0.14  +1.05 || 345      Gyro:  +34.23   -3.35   +1.22 || 345
Accel:  +0.65  -0.18  +0.89 || 350      Gyro:  +48.51   +1.21   +2.24 || 350
Accel:  +0.67  -0.16  +0.92 || 355      Gyro:  +47.16   -2.44   +1.05 || 355
Accel:  +0.66  -0.16  +0.97 || 360      Gyro:  +51.23   +1.72   +0.98 || 360
Accel:  +0.63  -0.16  +0.99 || 365      Gyro:  +51.73   +8.23   +1.79 || 365
Accel:  +0.65  -0.18  +0.92 || 370      Gyro:  +72.21  +26.97   +5.07 || 370
Accel:  +0.50  -0.09  +1.20 || 375      Gyro: +134.72  +60.09   -5.65 || 375
Accel:  +0.79  -0.03  +0.92 || 380      Gyro:  +74.67  -18.60   +4.15 || 380
Accel:  +0.56  -0.04  +1.06 || 385      Gyro:  +12.31  -38.53   +5.31 || 385
Accel:  +0.66  -0.11  +0.79 || 390      Gyro:  +26.33  -14.51   +9.15 || 390
Accel:  +0.59  -0.10  +0.92 || 395      Gyro:  +17.21  -20.71   +0.10 || 395