Accel:  +0.51  +0.25  +0.96 || 0        Gyro:  +51.69   +0.60   +3.98 || 0
Accel:  +0.56  +0.24  +0.92 || 5        Gyro:  +39.72  -11.74   -1.02 || 5
Accel:  +0.53  +0.24  +0.95 || 10       Gyro:  +52.23   +3.87   +2.52 || 10
Accel:  +0.53  +0.23  +0.93 || 15       Gyro:  +47.02   +0.20   +0.86 || 15
Accel:  +0.60  +0.24  +0.91 || 20       Gyro:  +50.39   +7.77   +4.34 || 20
Accel:  +0.48  +0.26  +1.00 || 25       Gyro:  +44.79   -3.67   +7.87 || 25
Accel:  +0.64  +0.36  +1.12 || 30       Gyro:  +39.69   -8.36  +19.47 || 30
Accel:  +0.44  +0.16  +0.86 || 35       Gyro:  +11.90   -0.40   +5.65 || 35
Accel:  +0.54  +0.31  +1.20 || 40       Gyro:   -0.42  -31.13   +6.60 || 40
Accel:  +0.64  +0.21  +0.95 || 45       Gyro:   -7.66   -8.36  +10.01 || 45
Accel:  +0.66  +0.21  +1.04 || 50       Gyro:  -37.41  -23.95  +18.34 || 50
Accel:  +0.66  +0.18  +1.23 || 55       Gyro:  -78.18   +6.15  +23.33 || 55
Accel:  +0.37  +0.19  +1.28 || 60       Gyro: -177.95  -27.69  +21.45 || 60
Accel:  +0.84  -0.00  +0.73 || 65       Gyro: -108.49  -18.19  -17.89 || 65
Accel:  +0.81  -0.28  +0.87 || 70       Gyro:  -87.68  +14.02   +1.76 || 70
Accel:  +0.50  -0.39  +0.89 || 75       Gyro:  -90.69  -19.65  +20.95 || 75
Accel:  +0.72  -0.67  +0.65 || 80       Gyro:  -50.66  -30.02   +8.03 || 80
Accel:  +0.76  -0.63  +0.66 || 85       Gyro:  -31.76  -13.96  +28.38 || 85
Accel:  +0.60  -0.58  +0.61 || 90       Gyro:  -33.17  -21.40  +32.69 || 90
Accel:  +0.55  -0.60  +0.29 || 95       Gyro:  -43.70  +20.79  +36.30 || 95
Accel:  +0.35  -0.81  +0.29 || 100      Gyro:  -20.18   +4.37  -12.07 || 100
Accel:  +0.77  -0.80  +0.58 || 105      Gyro:   -8.57  +14.12   -1.95 || 105
Accel:  +0.23  -1.05  +0.40 || 110      Gyro:   -0.74   +8.56  -35.68 || 110
Accel:  +0.92  -0.97  +0.39 || 115      Gyro:  +10.08  -17.04  -23.37 || 115
Accel:  +0.68  -1.12  +0.24 || 120      Gyro:  +23.60   -5.39   +6.40 || 120
Accel:  +0.54  -0.96  +0.50 || 125      Gyro:  +24.40  +13.00   -0.24 || 125
Accel:  +0.65  -0.99  +0.38 || 130      Gyro:  +34.03  +16.29  +21.54 || 130
Accel:  +0.54  -1.01  +0.32 || 135      Gyro:  +37.19  +29.18   -5.09 || 135
Accel:  +0.61  -0.90  +0.49 || 140      Gyro:  +59.37   -5.98   -1.50 || 140
Accel:  +0.78  -0.94  +0.37 || 145      Gyro:  +59.05  -12.02   +7.31 || 145
Accel:  +0.49  -0.93  +0.42 || 150      Gyro:  +55.79   +3.40   +4.34 || 150
Accel:  +0.67  -0.89  +0.42 || 155      Gyro:  +59.38   -4.79   -3.85 || 155
Accel:  +0.62  -0.91  +0.38 || 160      Gyro:  +52.65   -4.79   +2.23 || 160
Accel:  +0.62  -0.86  +0.50 || 165      Gyro:  +53.32   +0.23   +2.48 || 165
Accel:  +0.69  -0.97  +0.27 || 170      Gyro:  +55.67   +7.08   +6.37 || 170
Accel:  +0.55  -0.86  +0.55 || 175      Gyro:  +48.27   -3.14   +1.34 || 175
Accel:  +0.53  -0.94  +0.40 || 180      Gyro:  +63.93  -13.03   +4.64 || 180
Accel:  +0.61  -0.97  +0.40 || 185      Gyro:  +80.21  -14.66   +8.37 || 185
Accel:  +0.61  -0.92  +0.47 || 190      Gyro:  +73.82   +4.08   +1.11 || 190
Accel:  +0.65  -1.03  +0.35 || 195      Gyro:  +85.59   +6.58  -13.44 || 195
Accel:  +0.61  -0.89  +0.37 || 200      Gyro:  +91.52  -22.76  +13.30 || 200
Accel:  +0.56  -0.62  +0.87 || 205      Gyro:  +91.60   -5.88   -0.89 || 205
Accel:  +0.58  -0.91  +0.39 || 210      Gyro:  +95.37   +3.05   +4.17 || 210
Accel:  +0.58  -0.81  +0.51 || 215      Gyro:  +96.79  -23.09   +6.68 || 215
Accel:  +0.47  -0.53  +1.05 || 220      Gyro: +135.95   +7.36  -11.56 || 220
Accel:  +0.66  -0.89  +0.25 || 225      Gyro: +130.49  -12.46  -19.47 || 225
Accel:  +0.36  -0.44  +1.04 || 230      Gyro:  +94.47  -35.03  -47.18 || 230
Accel:  +0.69  -0.52  +0.57 || 235      Gyro: +117.38  +52.69  -60.79 || 235
Accel:  +0.86  -0.45  +0.39 || 240      Gyro: +161.59  +45.59  -31.00 || 240
Accel:  +0.62  -0.22  +0.89 || 245      Gyro: +163.81   +5.70  -18.61 || 245
Accel:  +0.56  -0.02  +1.38 || 250      Gyro: +161.24  -11.82  -14.15 || 250
Accel:  +0.98  -0.15  +0.89 || 255      Gyro: +125.50  +21.03   +1.80 || 255
Accel:  +0.53  -0.22  +0.79 || 260      Gyro:  +92.93   +2.73   -1.83 || 260
Accel:  +0.59  +0.00  +1.39 || 265      Gyro:  +90.50  +40.44  -25.80 || 265
Accel:  +0.90  -0.04  +1.18 || 270      Gyro:  +57.08  +25.99   +6.35 || 270
Accel:  +0.56  -0.16  +0.85 || 275      Gyro:  +46.43  +19.77   +8.08 || 275
Accel:  +0.47  -0.13  +1.03 || 280      Gyro:  +45.06   +5.71  +10.27 || 280
Accel:  +0.57  -0.14  +0.87 || 285      Gyro:  +49.63   -0.03   +0.17 || 285
Accel:  +0.47  -0.03  +1.18 || 290      Gyro:  +76.20   +0.31   +2.94 || 290
Accel:  +0.65  -0.10  +0.78 || 295      Gyro: +107.26  +36.67  -12.50 || 295
Accel:  +0.33  +0.00  +1.20 || 300      Gyro:  +73.74  +24.32  -12.21 || 300
Accel:  +0.53  -0.05  +0.88 || 305      Gyro:  +50.00  -10.25   +5.15 || 305
Accel:  +0.52  -0.03  +0.93 || 310      Gyro:  +50.26   +5.21   -4.44 || 310
Accel:  +0.57  +0.01  +0.99 || 315      Gyro:  +42.76  -11.53   +0.18 || 315
Accel:  +0.52  -0.02  +0.97 || 320      Gyro:  +43.15   -6.15   +1.28 || 320
Accel:  +0.57  -0.00  +1.03 || 325      Gyro:  +38.02   +8.50   -4.47 || 325
Accel:  +0.51  -0.10  +0.84 || 330      Gyro:  +46.05   +2.24   +8.50 || 330
Accel:  +0.47  -0.04  +1.00 || 335      Gyro:  +42.67  +18.99   -5.95 || 335
Accel:  +0.53  -0.06  +0.90 || 340      Gyro:  +49.40   -9.78   +8.16 || 340
Accel:  +0.50  -0.04  +1.02 || 345      Gyro:  +48.57   +2.47   -1.93 || 345
Accel:  +0.52  -0.06  +0.93 || 350      Gyro:  +42.95   +4.40   -4.81 || 350
Accel:  +0.49  -0.07  +0.92 || 355      Gyro:  +56.85   +7.77   +1.11 || 355
Accel:  +0.44  -0.02  +1.07 || 360      Gyro:  +46.43   +1.48   -3.97 || 360
Accel:  +0.56  -0.08  +0.84 || 365      Gyro:  +56.10   -4.55   +2.09 || 365
Accel:  +0.57  -0.03  +0.97 || 370      Gyro:  +57.57  +14.73   +0.73 || 370
Accel:  +0.46  -0.12  +0.68 || 375      Gyro: +111.39  +52.61   +5.73 || 375
Accel:  +0.35  -0.05  +0.90 || 380      Gyro: +171.60  +87.54  +63.66 || 380
Accel:  +0.20  +0.11  +0.52 || 385      Gyro: +250.13   +3.15  +36.90 || 385
Accel:  +0.73  +0.63  +0.45 || 390      Gyro: +250.13  +76.14 -117.59 || 390
Accel:  +0.38  -0.03  +0.26 || 395      Gyro: +250.13 -109.63  -42.45 || 395