Accel:  +0.39  +0.32  +0.94 || 0        Gyro:  +48.33   -7.93   +1.32 || 0
Accel:  +0.42  +0.32  +0.98 || 5        Gyro:  +39.40  -16.91   +4.56 || 5
Accel:  +0.44  +0.31  +0.90 || 10       Gyro:  +37.65  -12.89   +6.24 || 10
Accel:  +0.36  +0.27  +0.93 || 15       Gyro:  +43.11   +2.01   +0.66 || 15
Accel:  +0.37  +0.29  +0.94 || 20       Gyro:  +44.54  -14.85   +5.98 || 20
Accel:  +0.55  +0.24  +0.89 || 25       Gyro:  +42.68  -16.30   +9.51 || 25
Accel:  +0.46  +0.23  +0.91 || 30       Gyro:  +50.01   +0.61   +4.69 || 30
Accel:  +0.41  +0.29  +0.97 || 35       Gyro:  +36.18  -19.44   +8.63 || 35
Accel:  +0.49  +0.36  +1.08 || 40       Gyro:  +25.80  -27.29   +5.69 || 40
Accel:  +0.36  +0.35  +1.16 || 45       Gyro:  -14.73  -21.77   -1.21 || 45
Accel:  +0.64  +0.35  +1.14 || 50       Gyro:  -28.87  -12.08   +9.71 || 50
Accel:  +0.47  +0.28  +1.18 || 55       Gyro:  -87.37  +13.31   +7.60 || 55
Accel:  +0.55  +0.06  +1.00 || 60       Gyro:  -89.65   -6.25   +6.08 || 60
Accel:  +0.60  +0.02  +1.07 || 65       Gyro: -105.78  -21.58   +1.76 || 65
Accel:  +0.47  -0.11  +1.05 || 70       Gyro: -119.22  -25.13  +35.59 || 70
Accel:  +0.46  -0.33  +0.84 || 75       Gyro:  -86.84  -14.50  +58.14 || 75
Accel:  +0.45  -0.40  +0.74 || 80       Gyro:  -79.89  -19.33  +20.82 || 80
Accel:  +0.69  -0.54  +0.51 || 85       Gyro:  -72.66  -22.94  +30.21 || 85
Accel:  +0.77  -0.64  +0.47 || 90       Gyro:  -48.97  +19.25  +47.56 || 90
Accel:  +0.26  -0.66  +0.50 || 95       Gyro:  -33.10  +10.00  +49.06 || 95
Accel:  +0.26  -0.88  +0.23 || 100      Gyro:  -34.68  +27.52   -2.14 || 100
Accel:  +0.32  -0.99  +0.30 || 105      Gyro:   +4.59  -10.61   -5.79 || 105
Accel:  +0.32  -0.96  +0.50 || 110      Gyro:  +36.53   +1.56  -10.33 || 110
Accel:  +0.44  -1.01  +0.40 || 115      Gyro:  +53.79  -11.22   -8.18 || 115
Accel:  +0.59  -0.86  +0.59 || 120      Gyro:  +56.21   -2.37   -8.87 || 120
Accel:  +0.45  -0.95  +0.44 || 125      Gyro:  +62.85   +2.10   +6.30 || 125
Accel:  +0.41  -0.84  +0.59 || 130      Gyro:  +59.37  -11.16   -0.02 || 130
Accel:  +0.42  -0.95  +0.43 || 135      Gyro:  +63.35   +0.63   -9.08 || 135
Accel:  +0.43  -0.89  +0.45 || 140      Gyro:  +70.08  -16.62  -19.24 || 140
Accel:  +0.24  -0.82  +0.52 || 145      Gyro:  +96.64  -20.31  -42.08 || 145
Accel:  +0.71  -0.72  +0.40 || 150      Gyro: +162.41  +47.86  -69.44 || 150
Accel:  +0.59  -0.88  +0.25 || 155      Gyro: +129.92   -7.81  -34.69 || 155
Accel:  +0.71  -0.72  +0.48 || 160      Gyro: +130.48  -24.47  -44.56 || 160
Accel:  +0.62  -0.52  +0.76 || 165      Gyro: +143.37   +0.21  -55.81 || 165
Accel:  +0.49  -0.02  +1.48 || 170      Gyro: +169.30   +1.29  -27.81 || 170
Accel:  +0.88  -0.31  +0.77 || 175      Gyro: +190.91  +14.50   -2.22 || 175
Accel:  +0.86  -0.30  +0.49 || 180      Gyro: +230.90  +68.60  -11.22 || 180
Accel:  +0.68  +0.02  +0.93 || 185      Gyro: +169.66  +18.89  -13.79 || 185
Accel:  +0.51  +0.19  +1.19 || 190      Gyro: +128.11   +0.78   -6.22 || 190
Accel:  +0.70  -0.00  +0.76 || 195      Gyro: +102.79  +20.92   -3.50 || 195
Accel:  +0.70  +0.26  +1.12 || 200      Gyro: +142.21  -16.62   +5.48 || 200
Accel:  +0.51  +0.34  +1.21 || 205      Gyro:  +94.68   +6.95   -2.61 || 205
Accel:  +0.99  +0.76  +1.04 || 210      Gyro: +102.61   -5.55   +2.77 || 210
Accel:  +0.51  +0.31  +1.10 || 215      Gyro:  +64.64   -0.31   -5.22 || 215
Accel:  +0.69  +0.20  +0.86 || 220      Gyro:  +60.15  +19.98   -2.64 || 220
Accel:  +0.38  +0.27  +1.03 || 225      Gyro:  +59.78   -7.62   -3.95 || 225
Accel:  +0.63  +0.30  +1.04 || 230      Gyro:  +58.44   +2.75   +0.96 || 230
Accel:  +0.62  +0.23  +0.90 || 235      Gyro:  +60.15  +10.18   -3.69 || 235
Accel:  +0.39  +0.30  +1.05 || 240      Gyro:  +52.53   -9.02   +7.81 || 240
Accel:  +0.65  +0.18  +0.76 || 245      Gyro:  +52.88   +7.65   +4.73 || 245
Accel:  +0.50  +0.35  +1.06 || 250      Gyro:  +60.44   -7.14   +5.02 || 250
Accel:  +0.51  +0.22  +0.84 || 255      Gyro:  +61.73   +9.87   +5.40 || 255
Accel:  +0.46  +0.38  +1.08 || 260      Gyro:  +63.37   -0.08   -4.92 || 260
Accel:  +0.50  +0.29  +0.88 || 265      Gyro:  +53.88   +1.89   +6.10 || 265
Accel:  +0.55  +0.34  +0.95 || 270      Gyro:  +48.69   +7.82   -2.50 || 270
Accel:  +0.61  +0.27  +0.82 || 275      Gyro:  +53.84  +18.35   +4.47 || 275
Accel:  +0.44  +0.38  +1.02 || 280      Gyro:  +51.17   +5.06   -0.41 || 280
Accel:  +0.46  +0.29  +0.89 || 285      Gyro:  +48.22  -11.45   +4.53 || 285
Accel:  +0.56  +0.33  +0.92 || 290      Gyro:  +52.18   +1.79   -1.87 || 290
Accel:  +0.52  +0.32  +0.87 || 295      Gyro:  +70.08  +19.72   +0.83 || 295
Accel:  +0.47  +0.35  +0.90 || 300      Gyro:  +57.31  +14.68   -2.31 || 300
Accel:  +0.49  +0.31  +0.82 || 305      Gyro:  +76.93  +15.28   +8.66 || 305
Accel:  +0.48  +0.47  +0.98 || 310      Gyro:  +76.58   -0.71   -3.31 || 310
Accel:  +0.48  +0.37  +0.84 || 315      Gyro:  +49.92  -29.99  +10.62 || 315
Accel:  +0.59  +0.42  +0.89 || 320      Gyro:  +59.15   +2.11   +4.76 || 320
Accel:  +0.60  +0.36  +0.82 || 325      Gyro:  +50.00  +10.47   -2.03 || 325
Accel:  +0.44  +0.45  +0.94 || 330      Gyro:  +74.00  +21.50   -3.10 || 330
Accel:  +0.44  +0.39  +0.82 || 335      Gyro:  +65.43  +23.95   -5.50 || 335
Accel:  +0.41  +0.47  +0.89 || 340      Gyro:  +80.25  +17.54   -3.08 || 340
Accel:  +0.45  +0.47  +0.86 || 345      Gyro:  +48.36  -13.70   +7.13 || 345
Accel:  +0.45  +0.40  +0.74 || 350      Gyro:  +98.06   +9.12   +7.19 || 350
Accel:  +0.46  +0.35  +0.68 || 355      Gyro: +102.42  +35.20   -1.42 || 355
Accel:  +0.29  +0.60  +0.89 || 360      Gyro:  +86.26  -20.17  +25.51 || 360
Accel:  +0.42  +0.39  +0.55 || 365      Gyro: +144.71  +50.47   +9.34 || 365
Accel:  +0.76  +0.69  +0.69 || 370      Gyro: +206.18 +112.04   +6.78 || 370
Accel:  +0.55  +0.91  +0.56 || 375      Gyro: +159.54  +83.47   -6.61 || 375
Accel:  -0.16  +0.03  +0.49 || 380      Gyro: +250.13  -36.03 -100.11 || 380
Accel:  +0.67  +0.71  +0.20 || 385      Gyro: +111.05  -62.98  +60.27 || 385
Accel:  +0.48  +0.95  +0.35 || 390      Gyro:  +58.34  -18.57  +19.52 || 390
Accel:  +0.30  +0.86  +0.39 || 395      Gyro:  +60.90   -7.43  +25.61 || 395