Accel:  +0.47  +0.38  +0.87 || 0        Gyro:  +52.02   +2.39   +3.48 || 0
Accel:  +0.43  +0.42  +0.93 || 5        Gyro:  +50.20   -2.29   +0.07 || 5
Accel:  +0.53  +0.34  +0.80 || 10       Gyro:  +53.42   -5.43   +0.08 || 10
Accel:  +0.48  +0.44  +0.91 || 15       Gyro:  +54.68   -3.74   +2.50 || 15
Accel:  +0.58  +0.44  +0.88 || 20       Gyro:  +53.80   -2.04   +1.62 || 20
Accel:  +0.67  +0.36  +0.86 || 25       Gyro:  +33.62  -24.60   +6.19 || 25
Accel:  +0.44  +0.45  +0.91 || 30       Gyro:  +42.04   +4.72  -20.02 || 30
Accel:  +0.47  +0.43  +0.95 || 35       Gyro:  +29.80  -11.55  -21.47 || 35
Accel:  +0.65  +0.47  +0.95 || 40       Gyro:  +30.06  -27.89  +12.81 || 40
Accel:  +0.57  +0.50  +1.14 || 45       Gyro:  -14.16  -19.95   -0.66 || 45
Accel:  +0.65  +0.36  +1.21 || 50       Gyro:  -83.26  -54.91   -3.46 || 50
Accel:  +0.84  +0.39  +0.81 || 55       Gyro:  -68.75  -52.40  +11.56 || 55
Accel:  +0.93  +0.29  +1.13 || 60       Gyro:  -50.54  -34.59   +3.49 || 60
Accel:  +0.70  +0.42  +1.54 || 65       Gyro: -123.98  +11.36  -11.50 || 65
Accel:  +0.67  +0.25  +1.08 || 70       Gyro: -200.76 +214.74  -65.65 || 70
Accel:  +0.62  -0.33  +0.65 || 75       Gyro: -177.08  -38.44  +58.72 || 75
Accel:  +0.38  -0.43  +0.65 || 80       Gyro:  -90.27  -40.68  +37.50 || 80
Accel:  +0.62  -0.62  +0.50 || 85       Gyro:  -65.56  -40.47  +20.26 || 85
Accel:  +0.70  -0.57  +0.55 || 90       Gyro:  -43.33   -8.43  +40.68 || 90
Accel:  +0.50  -0.74  +0.48 || 95       Gyro:  -25.38   -1.46  +46.58 || 95
Accel:  +0.50  -0.76  +0.46 || 100      Gyro:   -9.47   -2.65  +63.25 || 100
Accel:  +0.33  -0.84  +0.39 || 105      Gyro:   -3.86  +16.73  +32.13 || 105
Accel:  +0.32  -0.85  +0.45 || 110      Gyro:  +16.30   +6.27  +28.32 || 110
Accel:  +0.25  -0.93  +0.46 || 115      Gyro:  +41.36   -6.87  +14.45 || 115
Accel:  +0.44  -0.92  +0.37 || 120      Gyro:  +49.80   -7.05   +3.01 || 120
Accel:  +0.36  -0.86  +0.49 || 125      Gyro:  +54.40   -3.10   +0.66 || 125
Accel:  +0.45  -0.84  +0.55 || 130      Gyro:  +49.21   +5.52   -0.17 || 130
Accel:  +0.52  -0.80  +0.60 || 135      Gyro:  +52.73   -1.47   -2.78 || 135
Accel:  +0.44  -0.82  +0.57 || 140      Gyro:  +56.72   +4.74   -3.57 || 140
Accel:  +0.43  -0.76  +0.69 || 145      Gyro:  +57.37   -9.12   -4.21 || 145
Accel:  +0.46  -0.89  +0.45 || 150      Gyro:  +61.89   -6.34   -4.59 || 150
Accel:  +0.44  -0.79  +0.54 || 155      Gyro:  +66.66   +0.51   -6.93 || 155
Accel:  +0.43  -0.86  +0.46 || 160      Gyro:  +83.61   +9.89   -6.44 || 160
Accel:  +0.41  -0.80  +0.54 || 165      Gyro:  +84.39   -0.97  -19.08 || 165
Accel:  +0.55  -0.84  +0.47 || 170      Gyro:  +90.66   -0.62  -18.50 || 170
Accel:  +0.46  -0.76  +0.53 || 175      Gyro: +100.96   -2.66  -18.44 || 175
Accel:  +0.62  -0.86  +0.41 || 180      Gyro:  +99.81   -5.85  -19.94 || 180
Accel:  +0.47  -0.53  +0.95 || 185      Gyro:  +88.13  -16.03  -29.31 || 185
Accel:  +0.55  -0.61  +0.85 || 190      Gyro: +108.27   +9.37  -29.08 || 190
Accel:  +0.43  -0.63  +0.69 || 195      Gyro: +107.49  -13.58  -33.13 || 195
Accel:  +0.50  -0.63  +0.91 || 200      Gyro: +132.91  -52.89  -40.24 || 200
Accel:  +0.71  -0.66  +0.47 || 205      Gyro: +146.83   -5.43  -38.07 || 205
Accel:  +0.79  -0.52  +0.55 || 210      Gyro: +140.88  +82.26  -88.09 || 210
Accel:  +0.81  -0.38  +0.72 || 215      Gyro: +139.74  +17.99  -44.72 || 215
Accel:  +0.79  -0.15  +1.01 || 220      Gyro: +114.62  -17.60   -8.79 || 220
Accel:  +0.55  -0.11  +1.07 || 225      Gyro:  +98.05   +1.92  -16.12 || 225
Accel:  +0.74  -0.17  +0.94 || 230      Gyro:  +92.35  -14.02   -4.03 || 230
Accel:  +0.78  -0.11  +0.94 || 235      Gyro:  +80.14   +7.91   -4.11 || 235
Accel:  +0.52  -0.18  +0.84 || 240      Gyro:  +97.47  -21.54  +16.16 || 240
Accel:  +0.45  +0.09  +1.23 || 245      Gyro: +105.40   +9.98  -27.86 || 245
Accel:  +0.85  -0.13  +0.73 || 250      Gyro: +111.15  +14.53   -7.08 || 250
Accel:  +0.67  -0.00  +0.88 || 255      Gyro:  +96.61   -0.36  -17.95 || 255
Accel:  +0.71  +0.14  +1.02 || 260      Gyro:  +98.00  +19.24  -29.92 || 260
Accel:  +0.62  +0.23  +1.15 || 265      Gyro:  +85.28   -3.32   -9.47 || 265
Accel:  +0.66  +0.18  +1.02 || 270      Gyro:  +66.97   +5.81   -0.47 || 270
Accel:  +0.63  +0.19  +1.00 || 275      Gyro:  +43.62   -6.35   +0.96 || 275
Accel:  +0.68  +0.11  +0.89 || 280      Gyro:  +42.80   +4.24   +0.18 || 280
Accel:  +0.66  +0.12  +0.92 || 285      Gyro:  +44.13   +0.57   +2.44 || 285
Accel:  +0.61  +0.15  +1.00 || 290      Gyro:  +41.63   +3.84   -3.55 || 290
Accel:  +0.64  +0.12  +0.95 || 295      Gyro:  +48.57   +2.16   +3.44 || 295
Accel:  +0.60  +0.13  +0.96 || 300      Gyro:  +47.68   +3.69   -0.23 || 300
Accel:  +0.62  +0.10  +0.90 || 305      Gyro:  +60.07   +6.82   -0.48 || 305
Accel:  +0.70  -0.12  +0.80 || 310      Gyro:  +58.54   -1.96   +1.47 || 310
Accel:  +0.55  +0.14  +0.90 || 315      Gyro:  +93.14  +21.27   +2.50 || 315
Accel:  +0.66  +0.18  +0.92 || 320      Gyro:  +64.59   +4.33   +3.89 || 320
Accel:  +0.52  +0.16  +0.79 || 325      Gyro: +127.03  +66.67  +12.87 || 325
Accel:  +0.61  +0.04  +0.33 || 330      Gyro: +241.60  +36.24  +40.85 || 330
Accel:  -0.51  -0.26  +0.92 || 335      Gyro: +250.13 +250.13  -88.11 || 335
Accel:  +0.60  +0.33  +0.25 || 340      Gyro: +203.15   +8.95  +22.64 || 340
Accel:  +0.06  +0.70  +0.67 || 345      Gyro: +234.30  +75.86  -53.91 || 345
Accel:  +0.35  +0.85  +0.59 || 350      Gyro: +217.49  -51.99 -133.52 || 350
Accel:  +0.18  +0.87  +0.51 || 355      Gyro:  +81.94  -12.98   +1.62 || 355
Accel:  +0.08  +0.87  +0.43 || 360      Gyro:  +74.60  -37.47   -9.17 || 360
Accel:  -0.06  +0.79  +0.39 || 365      Gyro:  +64.18  -60.05  -64.18 || 365
Accel:  +0.70  +0.29  +0.05 || 370      Gyro: +122.05 -109.05  -21.05 || 370
Accel:  +0.75  +0.17  +0.13 || 375      Gyro: +126.95  -58.43  +97.19 || 375
Accel:  +0.39  +0.95  +0.25 || 380      Gyro:  +29.68  +10.24  -16.82 || 380
Accel:  +0.37  +0.90  +0.36 || 385      Gyro:  +50.36   -0.72   +2.92 || 385
Accel:  +0.37  +0.89  +0.38 || 390      Gyro:  +50.85   -3.71   +0.32 || 390
Accel:  +0.40  +0.90  +0.37 || 395      Gyro:  +50.58   -0.07   +2.13 || 395