Accel:  +0.63  +0.53  +0.98 || 0        Gyro:  +34.56  -16.29  +11.47 || 0
Accel:  +0.48  +0.37  +0.80 || 5        Gyro:  +36.52  -41.10   +8.66 || 5
Accel:  +0.63  +0.45  +0.93 || 10       Gyro:  +25.73  -37.69   -7.17 || 10
Accel:  +0.77  +0.39  +0.87 || 15       Gyro:  +11.49   -2.70   +9.10 || 15
Accel:  +0.62  +0.30  +0.85 || 20       Gyro:  +26.93   +3.05   +5.60 || 20
Accel:  +0.66  +0.27  +0.85 || 25       Gyro:  +36.40   +3.70   -2.95 || 25
Accel:  +0.59  +0.34  +0.98 || 30       Gyro:  +22.44   -5.50   -8.13 || 30
Accel:  +0.69  +0.37  +0.93 || 35       Gyro:  +39.15  -11.52   +0.19 || 35
Accel:  +0.74  +0.38  +0.99 || 40       Gyro:  +23.65  -30.34   +1.55 || 40
Accel:  +0.66  +0.53  +1.22 || 45       Gyro:   +7.46  -60.80   -2.46 || 45
Accel:  +1.09  +0.45  +1.12 || 50       Gyro:  -85.85  -49.44  -20.72 || 50
Accel:  +0.83  +0.29  +1.12 || 55       Gyro: -119.44  -15.90  +31.03 || 55
Accel:  +0.97  +0.04  +0.73 || 60       Gyro: -196.18  +26.29  +22.09 || 60
Accel:  +0.82  -0.34  +0.43 || 65       Gyro: -123.99  +10.45  +47.08 || 65
Accel:  +0.84  -0.24  +0.86 || 70       Gyro:  -90.67   -3.76  +51.29 || 70
Accel:  +0.30  -1.02  +0.75 || 75       Gyro:  -28.69   +0.27  -18.40 || 75
Accel:  +0.86  -0.28  +0.72 || 80       Gyro:  -41.13  +28.56  +80.29 || 80
Accel:  +0.46  -0.46  +0.80 || 85       Gyro:  -25.47  +28.84  +76.58 || 85
Accel:  +0.52  -0.68  +0.58 || 90       Gyro:  -15.82  +32.82  +62.16 || 90
Accel:  +0.34  -0.84  +0.42 || 95       Gyro:   -2.42  +43.91  +32.49 || 95
Accel:  +0.29  -0.80  +0.49 || 100      Gyro:   +7.68  +51.21   +6.58 || 100
Accel:  +0.21  -0.85  +0.47 || 105      Gyro:  +42.06   -0.87  +16.20 || 105
Accel:  +0.31  -0.84  +0.52 || 110      Gyro:  +59.02  -15.75   +6.31 || 110
Accel:  +0.47  -0.72  +0.71 || 115      Gyro:  +46.90   +3.78   +5.94 || 115
Accel:  +0.36  -0.72  +0.73 || 120      Gyro:  +58.45  -18.76   -2.46 || 120
Accel:  +0.60  -0.79  +0.53 || 125      Gyro:  +56.33  -11.09   +1.98 || 125
Accel:  +0.10  -1.07  +0.70 || 130      Gyro:  +80.69  -34.90   -8.55 || 130
Accel:  +0.14  -1.09  +0.66 || 135      Gyro:  +85.82  -34.33  -18.86 || 135
Accel:  +0.47  -0.78  +0.57 || 140      Gyro:  +70.37   +1.79  -21.41 || 140
Accel:  +0.36  -0.83  +0.49 || 145      Gyro: +102.40  -17.44  -38.96 || 145
Accel:  +0.46  -0.69  +0.52 || 150      Gyro: +123.08  +23.37  -82.63 || 150
Accel:  +0.55  -0.51  +0.73 || 155      Gyro:  +88.02  -29.22  -40.80 || 155
Accel:  +0.64  -0.71  +0.57 || 160      Gyro:  +89.89   -5.32  -31.08 || 160
Accel:  +0.34  -0.74  +0.35 || 165      Gyro: +203.73  +14.57  -61.13 || 165
Accel:  +0.80  -0.30  +0.79 || 170      Gyro: +178.53   -5.35  -69.70 || 170
Accel:  +0.24  +0.44  +1.70 || 175      Gyro: +230.97  -12.60  -19.42 || 175
Accel:  +1.21  -0.20  +0.65 || 180      Gyro: +161.94  +31.77  -24.15 || 180
Accel:  +0.63  -0.21  +0.61 || 185      Gyro: +167.47   -8.32   -5.98 || 185
Accel:  +0.82  +0.30  +1.15 || 190      Gyro: +147.81  -36.74  -13.61 || 190
Accel:  +0.61  +0.33  +1.28 || 195      Gyro: +107.37  +16.82   +2.76 || 195
Accel:  +0.58  +0.24  +1.00 || 200      Gyro:  +52.41   +1.81  -22.36 || 200
Accel:  +0.78  +0.25  +1.02 || 205      Gyro:  +43.48   -0.75   +5.37 || 205
Accel:  +0.55  +0.19  +1.02 || 210      Gyro:  +40.24  +15.00  -11.50 || 210
Accel:  +0.57  +0.15  +0.92 || 215      Gyro:  +46.52  +37.94  -16.77 || 215
Accel:  +0.62  +0.09  +0.87 || 220      Gyro:  +59.28   +4.16   +6.54 || 220
Accel:  +0.53  +0.21  +1.08 || 225      Gyro:  +52.53   -2.60   +2.34 || 225
Accel:  +0.84  +0.46  +1.45 || 230      Gyro:  +13.03  -16.89  +13.45 || 230
Accel:  +0.99  +1.08  +2.00 || 235      Gyro: -148.82  -27.89  +20.61 || 235
Accel:  +1.37  +0.78  +0.55 || 240      Gyro: -250.14  +31.31  +97.99 || 240
Accel:  +0.32  -0.32  +0.00 || 245      Gyro: -250.14  -29.63 +119.63 || 245
Accel:  +0.52  -0.73  -0.04 || 250      Gyro: -158.03  -38.82  +93.82 || 250
Accel:  +0.40  -0.84  -0.31 || 255      Gyro:  -41.73  +18.55  +87.02 || 255
Accel:  -0.01  -0.82  +0.11 || 260      Gyro:   -1.05  +44.97  +17.09 || 260
Accel:  +0.33  -0.89  +0.21 || 265      Gyro:  +42.94  +46.62  -10.56 || 265
Accel:  +0.15  -0.97  +0.47 || 270      Gyro:  +44.06  +45.53  -17.99 || 270
Accel:  +0.33  -0.77  +0.81 || 275      Gyro:  +64.99  -15.29   +2.54 || 275
Accel:  +0.22  -0.98  +0.53 || 280      Gyro:  +57.40   -2.91  -10.70 || 280
Accel:  +0.52  -0.93  +0.41 || 285      Gyro:  +85.15   -4.31   -7.42 || 285
Accel:  +0.05  -0.98  +0.35 || 290      Gyro:  +88.55  -27.92  -36.82 || 290
Accel:  +0.22  -0.89  +0.15 || 295      Gyro: +157.40  -50.80  -73.01 || 295
Accel:  +0.31  -1.27  -0.99 || 300      Gyro: +250.13  -46.34  -73.59 || 300
Accel:  +0.69  +0.64  +1.61 || 305      Gyro: +247.01  -55.56 -124.18 || 305
Accel:  +0.64  +0.90  +0.73 || 310      Gyro: +250.13 +103.50   +2.70 || 310
Accel:  +2.00  +0.02  +0.51 || 315      Gyro: +192.88  -57.95  -49.76 || 315
Accel:  -0.14  +0.66  +1.79 || 320      Gyro: +145.86 +126.28  -57.92 || 320
Accel:  +0.77  +0.53  +1.43 || 325      Gyro:  +91.66  -48.89   -2.82 || 325
Accel:  +0.69  +0.42  +1.31 || 330      Gyro: +100.32  +13.40  +38.25 || 330
Accel:  +0.69  +0.30  +1.10 || 335      Gyro:  +36.23  +21.94   -2.43 || 335
Accel:  +0.39  +0.31  +1.15 || 340      Gyro:  +53.93  +11.52   +9.48 || 340
Accel:  +0.66  +0.32  +1.12 || 345      Gyro:  +34.82   +0.60   -5.69 || 345
Accel:  +0.43  +0.31  +1.16 || 350      Gyro:  +41.87   -2.82  +14.27 || 350
Accel:  +0.65  +0.18  +0.88 || 355      Gyro:  +32.43   -8.01   +5.66 || 355
Accel:  +0.45  +0.11  +0.84 || 360      Gyro:  +50.42   +3.33   -1.27 || 360
Accel:  +0.69  +0.18  +0.91 || 365      Gyro:  +58.84   +7.33   -3.44 || 365
Accel:  +0.58  +0.34  +1.17 || 370      Gyro:  +37.05   -5.35   +2.05 || 370
Accel:  +0.68  +0.12  +0.85 || 375      Gyro:  +17.83  +15.03   +4.80 || 375
Accel:  +0.47  +0.15  +0.98 || 380      Gyro:  +24.38   -1.90   -2.56 || 380
Accel:  +0.66  +0.10  +0.89 || 385      Gyro:  +35.29   +0.18   +9.99 || 385
Accel:  +0.69  +0.13  +0.94 || 390      Gyro:  +36.42  -10.53   +7.27 || 390
Accel:  +0.64  +0.16  +0.98 || 395      Gyro:  +32.04   +1.24  +10.69 || 395