Accel:  +0.42  +0.14  +0.96 || 0        Gyro:  +71.47   -0.11   +0.66 || 0
Accel:  +0.39  +0.18  +1.16 || 5        Gyro:  +45.21   -3.14   -0.03 || 5
Accel:  +0.56  +0.11  +0.83 || 10       Gyro:  +49.63   -7.99   +4.22 || 10
Accel:  +0.48  +0.19  +1.00 || 15       Gyro:  +52.13   -4.40   -2.29 || 15
Accel:  +0.50  +0.16  +0.93 || 20       Gyro:  +58.24  +12.46   +0.64 || 20
Accel:  +0.45  +0.21  +1.08 || 25       Gyro:  +49.86  -11.70   +5.74 || 25
Accel:  +0.48  +0.19  +0.95 || 30       Gyro:  +42.30  -24.80  +16.54 || 30
Accel:  +0.72  +0.27  +0.96 || 35       Gyro:   -3.37  -22.93   +6.54 || 35
Accel:  +0.67  +0.17  +1.12 || 40       Gyro:  -22.27  -17.50  +12.64 || 40
Accel:  +0.54  +0.12  +1.06 || 45       Gyro:  -54.10  -19.82  +14.60 || 45
Accel:  +0.57  +0.21  +1.23 || 50       Gyro:  -89.66  -42.60  +17.49 || 50
Accel:  +0.69  +0.04  +1.12 || 55       Gyro: -142.71  -24.98  +37.68 || 55
Accel:  +0.53  -0.11  +1.00 || 60       Gyro: -132.84  -23.48  +11.15 || 60
Accel:  +0.57  -0.40  +0.60 || 65       Gyro: -147.35  -26.85  +10.06 || 65
Accel:  +0.78  -0.60  +0.48 || 70       Gyro:  -93.41  -44.16  +26.66 || 70
Accel:  +0.83  -0.70  +0.49 || 75       Gyro:  -73.50   +7.05  +39.27 || 75
Accel:  +0.69  -0.75  +0.53 || 80       Gyro:  -43.92  -13.29  +56.37 || 80
Accel:  +0.66  -0.76  +0.43 || 85       Gyro:  -26.69  -26.01  +57.20 || 85
Accel:  +0.51  -0.80  +0.20 || 90       Gyro:   +7.85  -34.04  +61.55 || 90
Accel:  +0.25  -0.81  +0.09 || 95       Gyro:  +18.10  +34.82  +22.05 || 95
Accel:  +0.36  -1.07  +0.06 || 100      Gyro:  +20.37   -3.68  -10.07 || 100
Accel:  +0.38  -1.11  +0.22 || 105      Gyro:  +43.53   -2.82   -8.21 || 105
Accel:  +0.50  -1.04  +0.32 || 110      Gyro:  +51.92   +0.38  -13.73 || 110
Accel:  +0.51  -0.94  +0.43 || 115      Gyro:  +54.18   +1.02   +0.50 || 115
Accel:  +0.49  -1.00  +0.21 || 120      Gyro:  +60.42  +12.81   -2.34 || 120
Accel:  +0.56  -0.98  +0.22 || 125      Gyro:  +74.20  +34.05  -10.29 || 125
Accel:  +0.46  -0.95  +0.38 || 130      Gyro:  +78.53  +12.69  -15.34 || 130
Accel:  +0.54  -1.01  +0.20 || 135      Gyro:  +95.29  +13.51  -14.17 || 135
Accel:  +0.55  -0.84  +0.50 || 140      Gyro:  +89.93  +21.61  -25.27 || 140
Accel:  +0.63  -1.13  -0.35 || 145      Gyro: +167.36  +27.18   -9.10 || 145
Accel:  +0.38  -0.53  +1.05 || 150      Gyro:  +96.82  -24.77  -28.27 || 150
Accel:  +0.71  -0.78  +0.44 || 155      Gyro: +155.20   +6.92  -22.06 || 155
Accel:  +0.60  -0.59  +0.72 || 160      Gyro: +105.15  +41.57  -44.27 || 160
Accel:  +0.70  -0.66  +0.12 || 165      Gyro: +224.35   -4.67   +4.15 || 165
Accel:  +0.38  -0.29  +0.97 || 170      Gyro: +127.40  +40.20  -57.47 || 170
Accel:  +0.58  -0.16  +0.92 || 175      Gyro: +236.76  +11.05  -11.71 || 175
Accel:  +0.84  -0.24  +0.64 || 180      Gyro: +179.25  -12.92  -11.18 || 180
Accel:  +0.74  -0.05  +1.11 || 185      Gyro: +149.40  +30.12   -5.18 || 185
Accel:  +0.66  -0.11  +0.80 || 190      Gyro: +102.32  +27.25  -16.62 || 190
Accel:  +0.40  +0.05  +1.24 || 195      Gyro:  +85.09  +13.54   -5.11 || 195
Accel:  +0.52  +0.03  +1.02 || 200      Gyro:  +80.07  +49.57  -31.46 || 200
Accel:  +0.44  +0.11  +1.36 || 205      Gyro:  +72.58  -33.08   +1.59 || 205
Accel:  +0.63  +0.06  +1.02 || 210      Gyro:  +65.86   -2.31   +5.38 || 210
Accel:  +0.60  +0.00  +0.78 || 215      Gyro:  +75.64   +8.60   -0.34 || 215
Accel:  +0.44  +0.11  +1.19 || 220      Gyro:  +72.44   +9.06   -0.67 || 220
Accel:  +0.60  +0.13  +1.06 || 225      Gyro:  +51.84  -10.50   -0.37 || 225
Accel:  +0.53  +0.07  +0.96 || 230      Gyro:  +53.88   +3.73   +6.66 || 230
Accel:  +0.56  +0.07  +0.96 || 235      Gyro:  +48.56   -2.36   +0.74 || 235
Accel:  +0.49  +0.12  +1.03 || 240      Gyro:  +66.44  +13.47   +8.14 || 240
Accel:  +0.51  +0.14  +1.05 || 245      Gyro:  +58.14  -18.85  +13.99 || 245
Accel:  +0.56  +0.05  +0.81 || 250      Gyro:  +64.03  +11.39   +3.71 || 250
Accel:  +0.51  +0.09  +0.83 || 255      Gyro: +101.66  +11.01   +5.43 || 255
Accel:  +0.42  -0.02  +0.59 || 260      Gyro: +203.18  +54.95   +9.60 || 260
Accel:  +0.22  +1.69  +1.19 || 265      Gyro: +250.13 +161.31  -84.89 || 265
Accel:  +0.28  +0.34  +0.50 || 270      Gyro: +250.13 +129.50 -131.10 || 270
Accel:  -2.00  +2.00  +2.00 || 275      Gyro: +250.13 -250.14 +250.13 || 275
Accel:  +0.60  +0.32  +0.23 || 280      Gyro: +163.98  -25.16  -72.38 || 280
Accel:  +0.48  +0.92  +0.39 || 285      Gyro:  +50.76   +5.00   -0.92 || 285
Accel:  +0.36  +0.90  +0.40 || 290      Gyro:  +44.20  +24.16  -25.38 || 290
Accel:  +0.47  +0.96  +0.41 || 295      Gyro:  +62.02   -0.01  +16.44 || 295
Accel:  +0.31  +0.87  +0.39 || 300      Gyro:  +47.63   +2.49   -0.83 || 300
Accel:  +0.36  +0.88  +0.40 || 305      Gyro:  +51.08   -1.11   +4.35 || 305
Accel:  +0.36  +0.90  +0.38 || 310      Gyro:  +55.89   +0.49   +9.05 || 310
Accel:  +0.38  +0.91  +0.38 || 315      Gyro:  +50.38   -0.26   +2.32 || 315
Accel:  +0.39  +0.89  +0.36 || 320      Gyro:  +49.91   -0.30   +1.93 || 320
Accel:  +0.36  +0.89  +0.36 || 325      Gyro:  +50.53   -0.19   +2.27 || 325
Accel:  +0.34  +0.89  +0.38 || 330      Gyro:  +49.10   +0.13   +1.18 || 330
Accel:  +0.32  +0.90  +0.36 || 335      Gyro:  +56.15   +0.10   +9.39 || 335
Accel:  +0.39  +0.89  +0.38 || 340      Gyro:  +49.53   -0.24   +1.18 || 340
Accel:  +0.36  +0.91  +0.34 || 345      Gyro:  +53.01   +0.27   +6.38 || 345
Accel:  +0.36  +0.89  +0.35 || 350      Gyro:  +48.82   -0.26   +1.40 || 350
Accel:  +0.39  +0.90  +0.36 || 355      Gyro:  +49.95   +0.06   +1.60 || 355
Accel:  +0.40  +0.88  +0.37 || 360      Gyro:  +48.75   -0.10   +0.82 || 360
Accel:  +0.38  +0.91  +0.37 || 365      Gyro:  +49.87   -0.37   +1.79 || 365
Accel:  +0.35  +0.88  +0.37 || 370      Gyro:  +51.07   -0.55   +2.18 || 370
Accel:  +0.41  +0.90  +0.35 || 375      Gyro:  +52.37   +1.52   +4.18 || 375
Accel:  +0.40  +0.90  +0.36 || 380      Gyro:  +48.85   -0.17   +1.10 || 380
Accel:  +0.39  +0.91  +0.35 || 385      Gyro:  +48.12   -0.02   -0.11 || 385
Accel:  +0.36  +0.89  +0.35 || 390      Gyro:  +48.50   -0.18   +0.88 || 390
Accel:  +0.36  +0.89  +0.36 || 395      Gyro:  +49.02   -0.11   +0.92 || 395