Accel:  +0.50  +0.60  +0.91 || 0        Gyro:  +45.60   -2.55   +2.48 || 0
Accel:  +0.51  +0.47  +0.79 || 5        Gyro:  +40.18   -3.53   -2.27 || 5
Accel:  +0.54  +0.58  +0.92 || 10       Gyro:  +22.33   -5.73   -1.80 || 10
Accel:  +0.53  +0.53  +0.85 || 15       Gyro:  +22.15   +0.72   +0.82 || 15
Accel:  +0.43  +0.66  +0.99 || 20       Gyro: +123.35  -78.46  +32.40 || 20
Accel:  +0.83  +0.61  +0.95 || 25       Gyro:  +15.60  -38.20   -3.63 || 25
Accel:  +0.57  +0.41  +0.81 || 30       Gyro:  +18.67  +15.27   -1.18 || 30
Accel:  +0.55  +0.81  +1.20 || 35       Gyro:  -17.78   -8.43   -5.15 || 35
Accel:  +0.67  +0.72  +1.14 || 40       Gyro:  -56.31  -39.43  +12.95 || 40
Accel:  +0.67  +0.84  +1.21 || 45       Gyro: -145.71  -51.27  +73.75 || 45
Accel:  +0.98  +0.40  +0.90 || 50       Gyro: -139.50  -25.84  +33.18 || 50
Accel:  +1.01  -0.10  +0.65 || 55       Gyro: -137.63   +3.64  +39.95 || 55
Accel:  +0.98  -0.08  +0.70 || 60       Gyro: -175.47  +65.23  +51.64 || 60
Accel:  +0.68  -0.27  +0.61 || 65       Gyro: -130.44  +54.40  +83.33 || 65
Accel:  +0.30  -0.39  +0.52 || 70       Gyro:  -66.10  +28.33  +59.18 || 70
Accel:  +0.42  -0.73  +0.36 || 75       Gyro:  -52.48  +54.46  +35.56 || 75
Accel:  +0.34  -0.74  +0.50 || 80       Gyro:  -58.65  +73.24   +7.15 || 80
Accel:  +0.06  -0.86  +0.59 || 85       Gyro:   -5.30  +40.23  +10.00 || 85
Accel:  +0.33  -1.12  +0.29 || 90       Gyro:  +41.04  -13.34  +10.56 || 90
Accel:  +0.30  -0.85  +0.57 || 95       Gyro:  +49.33   -8.48  -12.66 || 95
Accel:  +0.42  -0.89  +0.57 || 100      Gyro:  +67.12   -1.98   -5.15 || 100
Accel:  +0.41  -0.84  +0.59 || 105      Gyro:  +63.52   -4.90   -9.97 || 105
Accel:  +0.45  -0.84  +0.57 || 110      Gyro:  +72.53  -17.28   -4.21 || 110
Accel:  +0.43  -0.89  +0.52 || 115      Gyro:  +93.91  -13.84  -10.08 || 115
Accel:  +0.30  -0.58  +0.78 || 120      Gyro: +118.01  -41.60  -18.71 || 120
Accel:  +0.65  -0.77  +0.58 || 125      Gyro: +146.73  -84.91   +7.76 || 125
Accel:  +0.81  -0.92  +0.38 || 130      Gyro: +145.60  -21.69   -1.21 || 130
Accel:  +0.33  -0.22  +1.03 || 135      Gyro: +117.83  -63.92   -6.14 || 135
Accel:  +0.68  -0.69  +0.49 || 140      Gyro: +138.47   -1.76  -50.27 || 140
Accel:  +0.68  -0.32  +0.81 || 145      Gyro: +153.48  -53.16  -11.71 || 145
Accel:  +0.52  -0.07  +1.00 || 150      Gyro: +111.57  -18.41  -46.79 || 150
Accel:  +0.45  +0.12  +1.28 || 155      Gyro: +104.38  +17.13  -51.56 || 155
Accel:  +0.52  -0.05  +0.98 || 160      Gyro:  +98.93  +32.63  -64.15 || 160
Accel:  +0.92  +0.33  +0.77 || 165      Gyro: +130.95  -39.42  +19.98 || 165
Accel:  +0.34  +0.24  +1.18 || 170      Gyro: +134.38  -61.71  +18.32 || 170
Accel:  +0.58  -0.01  +0.72 || 175      Gyro: +119.14  +37.03  -14.79 || 175
Accel:  +0.66  -0.04  +0.63 || 180      Gyro: +145.47  +54.75  -43.97 || 180
Accel:  +0.63  +0.52  +1.18 || 185      Gyro: +118.09   -1.47  -25.63 || 185
Accel:  +0.48  +0.24  +0.85 || 190      Gyro: +121.80  +12.69  -12.66 || 190
Accel:  +0.78  +0.58  +1.22 || 195      Gyro:  +99.61  -46.48   +7.56 || 195
Accel:  +0.45  +0.39  +0.95 || 200      Gyro:  +78.77   +4.15   +3.63 || 200
Accel:  +0.96  +0.47  +0.93 || 205      Gyro:  +47.64  +15.32   -6.37 || 205
Accel:  +0.52  +0.37  +0.88 || 210      Gyro:  +52.05   +4.19   +7.21 || 210
Accel:  +0.55  +0.25  +0.75 || 215      Gyro:  +77.48  +15.71   +2.51 || 215
Accel:  +0.48  +0.25  +0.84 || 220      Gyro:  +96.37   +3.88   +0.94 || 220
Accel:  +0.74  +0.59  +1.04 || 225      Gyro:  +51.48   -3.40  +13.24 || 225
Accel:  +0.59  +0.37  +0.81 || 230      Gyro:  +22.94  +21.22   +3.98 || 230
Accel:  +0.58  +0.21  +0.71 || 235      Gyro:  +45.16   +1.12   +9.17 || 235
Accel:  +0.61  +0.33  +0.81 || 240      Gyro:  +60.19  +11.41  -10.31 || 240
Accel:  +0.61  +0.45  +0.92 || 245      Gyro:  +76.53   -4.60  +12.39 || 245
Accel:  +0.63  +0.48  +0.92 || 250      Gyro:  +57.78  +10.53   -6.63 || 250
Accel:  +0.54  +0.49  +0.91 || 255      Gyro:  +49.06   +0.02   +9.84 || 255
Accel:  +0.58  +0.37  +0.81 || 260      Gyro:  +40.36   +3.06   +1.43 || 260
Accel:  +0.60  +0.45  +0.89 || 265      Gyro:  +53.67  -18.92  +12.41 || 265
Accel:  +0.69  +0.38  +0.81 || 270      Gyro:  +45.19   -5.03   +0.79 || 270
Accel:  +0.71  +0.35  +0.79 || 275      Gyro:  +53.12   +3.56   -1.44 || 275
Accel:  +0.64  +0.50  +0.93 || 280      Gyro:  +55.68  +12.89  -13.79 || 280
Accel:  +0.50  +0.53  +0.97 || 285      Gyro:  +49.68   -4.47   -1.30 || 285
Accel:  +0.67  +0.37  +0.77 || 290      Gyro:  +41.65   -5.47   +1.56 || 290
Accel:  +0.63  +0.51  +0.93 || 295      Gyro:  +38.12  -10.69   +4.38 || 295
Accel:  +0.63  +0.45  +0.88 || 300      Gyro:  +36.87   +5.25   +3.61 || 300
Accel:  +0.64  +0.41  +0.86 || 305      Gyro:  +36.79   +1.69   -1.22 || 305
Accel:  +0.55  +0.42  +0.87 || 310      Gyro:  +59.87   +2.72   +1.46 || 310
Accel:  +0.61  +0.45  +0.90 || 315      Gyro:  +54.21   +0.05   -6.69 || 315
Accel:  +0.61  +0.43  +0.86 || 320      Gyro:  +61.50   -2.25   +0.69 || 320
Accel:  +0.63  +0.45  +0.88 || 325      Gyro:  +50.98   -6.08   +7.85 || 325
Accel:  +0.67  +0.46  +0.89 || 330      Gyro:  +45.69   +3.82   -0.24 || 330
Accel:  +0.65  +0.36  +0.78 || 335      Gyro:  +49.75   -5.30   +7.16 || 335
Accel:  +0.58  +0.54  +0.97 || 340      Gyro:  +48.44   -2.37   -0.47 || 340
Accel:  +0.62  +0.46  +0.88 || 345      Gyro:  +42.85   -1.14   +5.06 || 345
Accel:  +0.63  +0.36  +0.78 || 350      Gyro:  +51.73   +6.66   -4.32 || 350
Accel:  +0.65  +0.45  +0.87 || 355      Gyro:  +56.32   -3.52   +2.31 || 355
Accel:  +0.60  +0.44  +0.85 || 360      Gyro:  +52.79   +2.47   -3.40 || 360
Accel:  +0.67  +0.41  +0.80 || 365      Gyro:  +55.20   +3.91   +1.81 || 365
Accel:  +0.66  +0.45  +0.85 || 370      Gyro:  +48.96   +7.32   -7.23 || 370
Accel:  +0.59  +0.42  +0.83 || 375      Gyro:  +49.60   -0.02   -0.50 || 375
Accel:  +0.63  +0.52  +0.91 || 380      Gyro:  +47.07   -2.38   +1.24 || 380
Accel:  +0.63  +0.43  +0.84 || 385      Gyro:  +46.24   +0.09   +1.50 || 385
Accel:  +0.57  +0.41  +0.83 || 390      Gyro:  +48.01   +3.16   -1.95 || 390
Accel:  +0.56  +0.48  +0.89 || 395      Gyro:  +50.16   +5.34   -5.30 || 395