Accel:  +0.59  +0.07  +0.97 || 0        Gyro:  +53.53   -1.21   -3.51 || 0
Accel:  +0.46  +0.08  +1.05 || 5        Gyro:  +52.77   +0.94   +1.57 || 5
Accel:  +0.51  +0.07  +0.94 || 10       Gyro:  +49.03   +3.17   -2.90 || 10
Accel:  +0.43  +0.07  +1.00 || 15       Gyro:  +49.89   -2.20   -4.24 || 15
Accel:  +0.56  +0.08  +0.94 || 20       Gyro:  +53.27   -4.99   +3.60 || 20
Accel:  +0.50  +0.08  +0.99 || 25       Gyro:  +52.05   -5.34   +2.95 || 25
Accel:  +0.56  +0.08  +0.94 || 30       Gyro:  +49.27   -8.34   -0.89 || 30
Accel:  +0.49  +0.08  +0.99 || 35       Gyro:  +52.76  -17.56   -0.24 || 35
Accel:  +0.55  +0.09  +1.04 || 40       Gyro:  +42.57   -3.92   -0.11 || 40
Accel:  +0.45  +0.08  +1.02 || 45       Gyro:  +34.73   -0.89   +1.57 || 45
Accel:  +0.49  +0.18  +1.23 || 50       Gyro:   +2.02   -8.44   -7.47 || 50
Accel:  +0.66  +0.23  +1.36 || 55       Gyro:  -36.98  -45.32   +4.94 || 55
Accel:  +0.81  +0.03  +1.00 || 60       Gyro:  -91.05   -5.47  +30.54 || 60
Accel:  +0.46  -0.12  +0.85 || 65       Gyro:  -78.15  +14.40  +29.48 || 65
Accel:  +0.54  -0.24  +0.86 || 70       Gyro:  -82.21  +10.68  +14.37 || 70
Accel:  +0.60  -0.36  +0.83 || 75       Gyro:  -73.08   +2.34   -4.84 || 75
Accel:  +0.60  -0.42  +0.75 || 80       Gyro:  -81.41   +2.58   -1.60 || 80
Accel:  +0.53  -0.54  +0.69 || 85       Gyro:  -67.21   +9.76   -1.11 || 85
Accel:  +0.66  -0.71  +0.42 || 90       Gyro:  -31.35  -17.08   +2.98 || 90
Accel:  +0.45  -0.74  +0.57 || 95       Gyro:   -7.60   +5.03  +10.44 || 95
Accel:  +0.48  -0.78  +0.36 || 100      Gyro:  -12.70   +3.04  -10.88 || 100
Accel:  +0.64  -0.78  +0.41 || 105      Gyro:  +19.95  -22.62  -12.58 || 105
Accel:  +0.50  -0.87  +0.49 || 110      Gyro:  +15.85  +21.44  -10.09 || 110
Accel:  +0.43  -1.10  +0.54 || 115      Gyro:  +31.77   +5.59  -13.11 || 115
Accel:  +0.63  -1.00  +0.42 || 120      Gyro:  +47.23   +7.21   -2.88 || 120
Accel:  +0.56  -0.85  +0.71 || 125      Gyro:  +44.63   -7.57   -3.53 || 125
Accel:  +0.58  -0.88  +0.54 || 130      Gyro:  +47.19   +7.02   +3.47 || 130
Accel:  +0.50  -0.80  +0.65 || 135      Gyro:  +49.92   -2.31   -0.31 || 135
Accel:  +0.55  -0.85  +0.46 || 140      Gyro:  +49.09   +2.34   +1.35 || 140
Accel:  +0.59  -0.80  +0.52 || 145      Gyro:  +48.09   -6.53   -0.88 || 145
Accel:  +0.63  -0.86  +0.51 || 150      Gyro:  +52.71   +6.85   +5.94 || 150
Accel:  +0.52  -0.86  +0.54 || 155      Gyro:  +51.60   -2.63   +0.76 || 155
Accel:  +0.67  -0.82  +0.53 || 160      Gyro:  +55.52   +6.38   +2.58 || 160
Accel:  +0.57  -0.84  +0.49 || 165      Gyro:  +51.19   -2.15   +0.33 || 165
Accel:  +0.56  -0.78  +0.62 || 170      Gyro:  +52.93   +2.01   -0.24 || 170
Accel:  +0.58  -0.83  +0.52 || 175      Gyro:  +59.76   -4.85   -1.62 || 175
Accel:  +0.60  -0.83  +0.52 || 180      Gyro:  +59.52   -5.14   -2.63 || 180
Accel:  +0.65  -0.80  +0.59 || 185      Gyro:  +64.38   +0.41   +1.83 || 185
Accel:  +0.54  -0.84  +0.59 || 190      Gyro:  +63.76   -4.44   +4.34 || 190
Accel:  +0.53  -0.82  +0.62 || 195      Gyro:  +67.97  -14.09   +0.46 || 195
Accel:  +0.64  -0.86  +0.62 || 200      Gyro: +104.11   -7.90  -22.42 || 200
Accel:  +0.74  -0.77  +0.70 || 205      Gyro:  +88.39   -0.24   -8.01 || 205
Accel:  +0.56  -0.66  +0.80 || 210      Gyro: +101.03  -11.56  +31.53 || 210
Accel:  +0.47  -0.93  -0.04 || 215      Gyro: +128.76  -59.71  +10.01 || 215
Accel:  +0.66  -0.67  +0.60 || 220      Gyro:  +99.47   +7.19   -8.10 || 220
Accel:  +0.22  -0.43  +1.11 || 225      Gyro: +170.58  -46.64  -24.44 || 225
Accel:  +1.23  -0.65  +0.17 || 230      Gyro: +132.37  +77.53  -45.85 || 230
Accel:  +0.22  -0.29  +1.11 || 235      Gyro: +157.33  -12.53  -16.63 || 235
Accel:  +0.92  -0.19  +0.40 || 240      Gyro: +250.13  +97.19  +20.33 || 240
Accel:  +0.13  +0.18  +1.69 || 245      Gyro: +122.74   -3.00  -12.20 || 245
Accel:  +0.65  +0.05  +0.96 || 250      Gyro: +117.84  +12.31  +16.18 || 250
Accel:  +0.58  +0.08  +1.03 || 255      Gyro:  +59.97  -19.92   +7.42 || 255
Accel:  +0.59  +0.04  +1.42 || 260      Gyro:  +71.73  +21.04   +0.61 || 260
Accel:  +0.81  -0.06  +0.95 || 265      Gyro:  +37.85   -0.76   +1.77 || 265
Accel:  +0.34  -0.09  +0.85 || 270      Gyro:  +48.58   -1.52   +2.62 || 270
Accel:  +0.68  -0.06  +0.89 || 275      Gyro:  +48.96  +11.98   -3.19 || 275
Accel:  +0.55  -0.02  +1.08 || 280      Gyro:  +43.37  +15.98   -5.52 || 280
Accel:  +0.53  -0.07  +0.96 || 285      Gyro:  +40.09   -0.66   +2.49 || 285
Accel:  +0.53  -0.07  +0.96 || 290      Gyro:  +50.10   -2.33   +0.34 || 290
Accel:  +0.56  -0.07  +0.96 || 295      Gyro:  +49.53   -1.67   +6.06 || 295
Accel:  +0.51  -0.05  +1.00 || 300      Gyro:  +49.73   +2.70   +7.29 || 300
Accel:  +0.50  -0.07  +1.00 || 305      Gyro:  +46.92  +12.67   -4.87 || 305
Accel:  +0.55  -0.07  +0.94 || 310      Gyro:  +45.98  +10.23   +0.32 || 310
Accel:  +0.47  -0.08  +0.96 || 315      Gyro:  +46.26   +5.63   -9.11 || 315
Accel:  +0.53  -0.08  +0.91 || 320      Gyro:  +51.42   +0.50   +3.50 || 320
Accel:  +0.49  -0.08  +0.98 || 325      Gyro:  +45.96   +0.74   -2.75 || 325
Accel:  +0.46  -0.08  +0.98 || 330      Gyro:  +55.95   +2.45   +5.47 || 330
Accel:  +0.55  -0.07  +0.93 || 335      Gyro:  +56.53  +12.15   +5.63 || 335
Accel:  +0.49  -0.05  +1.03 || 340      Gyro:  +41.40   +4.63   +3.12 || 340
Accel:  +0.38  -0.08  +0.97 || 345      Gyro:  +46.82   +0.98   +0.01 || 345
Accel:  +0.48  -0.07  +0.97 || 350      Gyro:  +52.89   -5.33   +0.50 || 350
Accel:  +0.49  -0.07  +0.92 || 355      Gyro:  +53.72   +1.89   +4.43 || 355
Accel:  +0.42  -0.03  +1.06 || 360      Gyro:  +66.16   +9.31   +6.22 || 360
Accel:  +0.46  -0.01  +1.05 || 365      Gyro:  +70.35   -8.89   +5.31 || 365
Accel:  +0.33  -0.05  +0.83 || 370      Gyro: +166.96  -12.14  +41.13 || 370
Accel:  +0.61  +0.31  +0.47 || 375      Gyro: +184.29  +24.30  +76.03 || 375
Accel:  +0.73  +0.65  +0.84 || 380      Gyro: +238.12  +58.52  +19.00 || 380
Accel:  +0.28  +0.60  +0.45 || 385      Gyro: +250.13 +104.60   -1.60 || 385
Accel:  +0.05  +0.89  +0.38 || 390      Gyro: +250.13  +39.11  -29.21 || 390
Accel:  +0.06  +0.46  +0.42 || 395      Gyro:  +98.23  +39.44  +27.05 || 395